0.193241119385
0.192334890366
0.134007930756
0.160350084305
0.157436847687
0.197257995605
0.183520078659
0.1365878582
0.141052961349
0.165833950043
0.130113124847
0.185851097107
0.094831943512
0.207916975021
0.146263837814
0.242400169373
0.246747016907
0.1775867939
0.18200302124
0.192410945892
0.146399021149
0.235378980637
0.198393106461
0.209985017776
0.180649995804
0.200759887695
0.193005084991
0.195021152496
0.179322957993
0.190753936768
0.182284116745
0.210614919662
0.231328010559
0.142922878265
0.187438964844
0.144216060638
0.259745836258
0.229233980179
0.230957984924
0.130611896515
0.24103307724
0.163059949875
0.187462091446
0.246330022812
0.214890956879
0.271620988846
0.231513977051
0.170419931412
0.240276098251
0.523949861526
0.176754951477
0.198042869568
0.187716007233
0.14444899559
0.142436981201
0.149583816528
0.141295194626
0.133358001709
0.163684129715
0.129719018936
0.121161937714
0.148895978928
0.164276123047
0.15655708313
0.10413312912
0.21395111084
0.238793849945
0.150964975357
0.133335828781
0.116489171982
0.148715019226
0.160237073898
0.170087814331
0.189640045166
0.190645933151
0.140574932098
0.181647062302
0.173511981964
0.164902925491
0.113874197006
0.11181306839
0.163806915283
0.124346971512
0.197479963303
0.174767017365
0.147858858109
0.185729980469
0.21280002594
0.236436128616
0.246187925339
0.191015005112
0.244464874268
0.269865989685
0.168962955475
0.168259143829
0.133270978928
0.184906005859
0.151017904282
0.159634828568
0.134271144867
0.206051826477
0.18591594696
0.227514982224
0.192803144455
0.113994121552
0.133630990982
0.0939390659332
0.139228105545
0.136874914169
0.137153863907
0.15907907486
0.146099090576
0.169902086258
0.13426399231
0.172268867493
0.229213953018
0.177092075348
0.153775930405
0.19123506546
0.169103860855
0.197896957397
0.182888031006
0.104561805725
0.221952915192
0.160372972488
0.19290304184
0.14988899231
0.22710609436
0.125210046768
0.196222066879
0.210190057755
0.181169986725
0.152166843414
0.201757192612
0.203106880188
0.233417987823
0.275223970413
0.234544038773
0.143723011017
0.228400230408
0.184783935547
0.155887842178
0.249931812286
0.216419935226
0.18575501442
0.15910410881
0.256536960602
0.2226998806
0.176997900009
0.241811037064
0.209830999374
0.268887996674
0.243323087692
0.173587083817
0.209405183792
0.135823011398
0.12469792366
0.172226905823
0.134071111679
0.176927089691
0.14578294754
0.165884017944
0.13990020752
0.20604801178
0.168251037598
0.13658285141
0.234652996063
0.197154045105
0.171878099442
0.144995927811
0.246268033981
0.127599000931
0.228762865067
0.19394993782
0.1321849823
0.211711168289
0.160290002823
0.220854043961
0.210541009903
0.123287916183
0.173950910568
0.186946868896
0.149506092072
0.15105009079
0.243955135345
0.217372894287
0.148583889008
0.148847103119
0.168039083481
0.166836023331
0.0832369327545
0.175818920135
0.135404109955
0.108720064163
0.156460046768
0.141930103302
0.133931875229
0.0937149524689
0.151897907257
0.203376054764
0.192106962204
0.128036975861
0.176499128342
0.143579006195
0.164299964905
0.137367010117
0.127422809601
0.14736700058
0.161450862885
0.190597057343
0.156527996063
0.198116064072
0.0987279415131
0.132446050644
0.120494842529
0.197901964188
0.193149089813
0.162150859833
0.160108089447
0.134302854538
0.141330957413
0.114836931229
0.164052009583
0.176029920578
0.134577989578
0.121272087097
0.115705966949
0.120177984238
0.169167041779
0.170770168304
0.135488986969
0.179860115051
0.140869855881
0.163107872009
0.063670873642
0.117137908936
0.173537015915
0.121466159821
0.136681079865
0.118577003479
0.136214017868
0.108481168747
0.144057035446
0.156574010849
