2.80569696426
1.83978796005
1.19499397278
1.17574000359
1.15751385689
1.2133140564
1.14028000832
1.18757891655
1.09711813927
1.17666006088
2.49433493614
2.14167904854
1.18090295792
1.17621183395
1.22165083885
1.21476197243
1.16431808472
1.15632104874
1.17033815384
1.15803599358
1.1702580452
1.16409993172
1.2060508728
1.21199584007
1.1516289711
7.53305888176
6.56774187088
5.59087920189
4.62288618088
3.67007279396
2.12886095047
2.2296090126
2.16216397285
1.1180961132
2.14908480644
2.19420695305
2.13703298569
2.17773294449
2.27548003197
2.26469993591
2.21230602264
2.14521813393
1.14849686623
1.15065217018
2.23917293549
1.19085502625
1.22417092323
1.16363406181
1.19978713989
1.16706204414
1.14814186096
1.19691109657
1.25197410583
1.19542503357
1.2037088871
1.13905215263
1.12334799767
1.21341609955
1.25734901428
1.16240906715
1.15357112885
1.19071483612
1.1774020195
1.36362099648
1.16858911514
1.15615010262
1.18974685669
1.17421793938
1.20983195305
1.18718194962
1.13544416428
3.79428291321
2.87434101105
2.17954897881
2.21484518051
2.24380993843
2.25133705139
2.17763996124
2.13100814819
2.2233710289
1.2151260376
1.16192483902
2.21905899048
2.21450805664
2.20840120316
2.255204916
2.19250798225
2.18053197861
2.2140879631
1.19735813141
2.20231199265
2.19655704498
2.25112009048
2.18869614601
6.44860696793
5.52820587158
4.57341885567
3.61020588875
2.64217305183
1.6287009716
1.11663818359
1.20706892014
1.14466810226
1.13566112518
1.24238801003
1.11915302277
1.16443705559
1.18697595596
1.23476314545
1.18390107155
1.15724921227
2.18502402306
2.18397092819
1.20230793953
2.22487020493
2.26720499992
2.15873599052
2.24671888351
2.20258522034
2.1833050251
2.21567296982
2.27981090546
2.23925495148
1.17878198624
2.23349809647
2.12114310265
2.15543603897
2.23458194733
2.11736917496
2.16000199318
2.2039000988
1.23041892052
2.18584990501
1.28670406342
2.345484972
2.24640583992
2.17697906494
2.15468811989
2.19004917145
2.23649501801
2.23017001152
