3.79428291321
2.87434101105
2.17954897881
2.21484518051
2.24380993843
2.25133705139
2.17763996124
2.13100814819
2.2233710289
1.2151260376
1.16192483902
2.21905899048
2.21450805664
2.20840120316
2.255204916
2.19250798225
2.18053197861
2.2140879631
1.19735813141
2.20231199265
2.19655704498
2.25112009048
2.18869614601
6.44860696793
5.52820587158
4.57341885567
3.61020588875
2.64217305183
1.6287009716
1.11663818359
1.20706892014
1.14466810226
1.13566112518
1.24238801003
1.11915302277
1.16443705559
1.18697595596
1.23476314545
1.18390107155
1.15724921227
2.18502402306
2.18397092819
1.20230793953
2.22487020493
2.26720499992
2.15873599052
2.24671888351
2.20258522034
2.1833050251
2.21567296982
2.27981090546
2.23925495148
1.17878198624
2.23349809647
2.12114310265
2.15543603897
2.23458194733
2.11736917496
2.16000199318
2.2039000988
1.23041892052
2.18584990501
1.28670406342
2.345484972
2.24640583992
2.17697906494
2.15468811989
2.19004917145
2.23649501801
2.23017001152
