0.129525899887
0.203045129776
0.169919013977
0.114979982376
0.187736034393
0.131968021393
0.147636890411
0.195257902145
0.166651010513
0.131005048752
0.142445087433
0.106546878815
0.117878913879
0.142092943192
0.11566400528
0.123877048492
0.181758880615
0.163484096527
0.154773950577
0.123698949814
0.134808063507
0.192665100098
0.216834068298
0.179754018784
0.150386095047
0.138942956924
0.102792024612
0.117030143738
0.162706851959
0.153687000275
0.143131017685
0.164051055908
0.224142074585
0.0975260734558
0.0853300094604
0.108614206314
0.112545013428
0.0856230258942
0.093631029129
0.0910420417786
0.182676076889
0.166481971741
0.116315841675
0.15966796875
0.189941883087
0.186115980148
0.139382839203
0.140430927277
0.123132944107
0.172456979752
0.103899002075
0.0873749256134
0.137244939804
0.104897022247
0.14417886734
0.142647027969
0.136996030807
0.145970106125
0.138979911804
0.121913194656
0.117974042892
0.134369850159
0.186883926392
0.146778106689
0.136838197708
0.161404132843
0.110763072968
0.151291131973
0.154140949249
0.142091035843
0.162603139877
0.136711120605
0.15683889389
0.206974029541
0.112799882889
0.173037052155
0.163056135178
0.121538877487
0.0840961933136
0.165843009949
0.19445514679
0.16552400589
0.117113828659
0.118945837021
0.126002073288
0.171440124512
0.156369924545
0.167056083679
0.109060049057
0.162932872772
0.134191989899
0.123392105103
0.0773370265961
