0.27387714386
0.217240095139
0.151458978653
0.138823032379
0.175477981567
0.184152126312
0.194485902786
0.122238874435
0.205575942993
0.202408075333
0.190706014633
0.202883958817
0.166370868683
0.209695100784
0.103275060654
0.129422903061
0.129539012909
0.126718044281
0.0952801704407
0.116852998734
0.171092033386
0.146375894547
0.182683944702
0.115343093872
0.187937021255
0.190989971161
0.207129955292
0.177135944366
0.147264957428
0.126295089722
0.116536140442
0.160621881485
0.181244850159
0.207451105118
0.108498096466
0.178298950195
0.178334951401
0.201946020126
0.201882123947
0.210925102234
0.219649791718
0.233033180237
0.190906047821
0.172132015228
0.178909063339
0.15185379982
0.146077871323
0.152971982956
0.226816892624
0.193179130554
0.118628025055
0.143617868423
0.183301925659
0.165199995041
0.192317962646
0.129971981049
0.177234888077
0.188601970673
0.178308963776
0.194630146027
0.157342910767
0.180781126022
0.156861066818
0.25342297554
0.206750869751
0.130009174347
0.18675494194
0.179920911789
0.21671795845
0.227598905563
0.189949989319
0.20797586441
0.166228055954
0.181107997894
0.159382820129
0.122692108154
0.139979124069
0.197336912155
0.15806889534
0.284227848053
0.167417049408
0.164664030075
0.163216114044
0.163604021072
0.206353902817
0.19579911232
0.177486896515
0.208968877792
0.169745206833
0.158809900284
0.210537910461
0.178906202316
0.13546204567
0.140844106674
