0.240490198135
0.183928012848
0.220808029175
0.253857135773
0.183628797531
0.14732003212
0.153496980667
0.141864061356
0.199381113052
0.217034101486
0.195970058441
0.194167852402
0.190740823746
0.173629999161
0.184094905853
0.18270611763
0.219675064087
0.195186138153
0.156420946121
0.174228906631
0.164654016495
0.222446918488
0.249825954437
0.211037158966
0.225518226624
0.156387090683
0.17106795311
0.154631137848
0.157382965088
0.265053033829
0.159186124802
0.205230951309
0.25136089325
0.169981002808
0.171160936356
0.123448848724
0.184072971344
0.206315040588
0.18385887146
0.202950000763
0.215663909912
0.172029018402
0.212634086609
0.11999297142
0.216832876205
0.141746997833
0.196128129959
0.24180316925
0.15944981575
0.137984037399
0.141723871231
0.153509140015
0.210645198822
0.216866970062
0.199736833572
0.195795059204
0.153691053391
0.134464025497
0.25474190712
0.250813961029
0.266373872757
0.215292930603
0.190892934799
0.137490034103
0.167153835297
0.110590934753
0.159385204315
0.142030000687
0.133284091949
0.184064149857
0.130222082138
0.135488033295
0.153121948242
0.167737960815
0.258357048035
0.280779123306
0.218179941177
0.175313949585
0.133516073227
0.188652038574
0.128140926361
0.176841020584
0.143501996994
0.0766050815582
0.0771019458771
0.14552283287
0.105077028275
0.116451978683
