0.0886888504028
0.116813898087
0.145038127899
0.156278848648
0.123459100723
0.148410797119
0.155440807343
0.150305986404
0.118571043015
0.169664859772
0.16943693161
0.0838780403137
0.16207909584
0.12206196785
0.18167591095
0.0933511257172
0.136303186417
0.149159908295
0.121474027634
0.126618146896
0.14314699173
0.116245985031
0.150016069412
0.160711050034
0.106686830521
0.168850898743
0.0965640544891
0.0680410861969
0.128257989883
0.114675998688
0.170531988144
0.161775827408
0.14683008194
0.136552095413
0.125025987625
0.127511978149
0.113098859787
0.141530990601
0.0928559303284
0.140438079834
0.0881960391998
0.126379966736
0.116277933121
0.131227016449
0.107701063156
0.119301080704
0.131098031998
0.128259181976
0.151466846466
0.106495857239
0.0676651000977
0.0866410732269
0.112105846405
0.0988891124725
0.117697954178
0.129492998123
0.0896048545837
0.106197118759
0.100147008896
0.133243083954
0.102548122406
0.108030796051
0.165303945541
0.142895936966
0.163842916489
0.158012151718
0.137392044067
0.133889913559
0.10348200798
0.181116104126
0.209464788437
0.142681121826
0.133049964905
0.0954468250275
0.101939916611
0.129323005676
0.1353931427
0.190407991409
