0.137020111084
0.133347034454
0.169807910919
0.183333873749
0.162887811661
0.151077985764
0.126754045486
0.143030166626
0.189004182816
0.152937889099
0.181126832962
0.10066986084
0.148533821106
0.130376815796
0.168581008911
0.175966978073
0.146903038025
0.19119310379
0.152440786362
0.132467985153
0.124212026596
0.108597040176
0.105895996094
0.10978102684
0.0937960147858
0.140161037445
0.133172035217
0.170804023743
0.172116994858
0.164968013763
0.183526039124
0.153558015823
0.19735789299
0.176820039749
0.11372089386
0.0859389305115
0.138297080994
0.133208036423
0.0966639518738
0.104398965836
0.15224480629
0.141374111176
0.187705993652
0.155829191208
0.178470849991
0.195917129517
0.16609287262
0.13858795166
0.174622058868
0.143836021423
0.123934984207
0.12251996994
0.0802671909332
0.131891965866
0.136234045029
0.113687992096
0.0837390422821
0.126595973969
0.116702079773
0.148162841797
0.157251119614
0.171241998672
0.180243968964
0.125149011612
0.120267868042
0.17355799675
0.163157939911
0.166776180267
0.15696310997
0.15089392662
0.131232023239
0.136792898178
0.173993825912
0.122282028198
0.201536893845
0.143363952637
0.163866996765
0.111976146698
