0.153291940689
0.122592926025
0.108585834503
0.103384017944
0.251991987228
0.339210033417
0.228243112564
0.260282039642
0.271558046341
0.229365110397
0.355356931686
0.0913150310516
0.203357934952
0.323264122009
0.233196973801
0.162334918976
0.224713087082
0.121001005173
0.116343021393
0.151249170303
0.147309064865
0.182947874069
0.117574930191
0.187838077545
0.14805316925
0.16121506691
0.267055988312
0.138936042786
0.171475172043
0.181988954544
0.0892460346222
0.163803815842
0.161294937134
0.201384067535
0.155990123749
0.216485977173
0.244683980942
0.137195110321
0.119495868683
0.149839162827
0.19945192337
0.346094846725
0.253076076508
0.184014081955
0.3712849617
0.149203062057
0.255668878555
0.120994091034
0.231564998627
0.29706120491
0.111717939377
0.0919330120087
0.178997993469
0.165688991547
0.262576818466
0.135355949402
0.135226964951
0.183254003525
0.118014097214
0.169036149979
0.189648866653
0.116138935089
0.188369035721
0.120187044144
0.430126905441
0.134918212891
0.138273000717
0.121350049973
0.178791999817
0.104784011841
0.227938175201
0.136198043823
0.123888969421
0.197144985199
0.182798147202
0.295466184616
0.258388996124
0.161848068237
0.191443920135
0.778294801712
0.173361063004
0.230432987213
0.244169950485
0.116935968399
0.166863918304
0.141448020935
0.306215047836
0.148684978485
0.111923933029
0.314025878906
0.265480995178
0.174571037292
0.248790979385
0.319571018219
0.193264007568
0.471650123596
0.24421787262
0.286140918732
0.163530111313
0.294543981552
0.156055927277
0.39684510231
0.418850898743
0.284363031387
0.300562858582
0.219212055206
0.277188062668
0.334261894226
0.240080833435
0.259238004684
0.196643829346
0.12579202652
0.756885051727
0.174163818359
0.253769874573
0.226953983307
0.174395799637
0.382959127426
0.250122070312
0.241670846939
0.256447076797
0.170445919037
0.170456886292
0.179551124573
0.1068110466
0.185564994812
0.133864879608
0.721462011337
0.20295882225
0.238698959351
0.221630096436
0.249582052231
0.36753988266
0.244786024094
0.36244893074
0.260533809662
0.287014007568
0.260425806046
0.322140932083
0.172084093094
0.134176015854
0.170264005661
0.0903151035309
0.143391132355
0.142990112305
0.182420015335
0.136726140976
0.0811738967896
0.145380973816
0.149360179901
0.154122829437
0.132380962372
0.0743839740753
0.120223045349
0.128062963486
0.126447916031
0.121613025665
0.130370140076
0.285889148712
0.241040945053
0.541626214981
0.317317008972
0.157025814056
0.287676095963
0.37713098526
0.444388866425
0.30504989624
0.148751974106
0.338500022888
0.266872882843
0.340120077133
0.237853050232
0.234594106674
0.113905906677
0.208529949188
0.16490983963
0.166476964951
0.160104036331
0.182707071304
0.167530059814
0.228490114212
0.144137859344
0.208009958267
0.123749017715
0.165004014969
0.14753818512
0.120159864426
0.14879488945
0.182840108871
0.194880962372
0.316693067551
0.252812862396
0.813513994217
0.326169013977
0.201772928238
0.226428031921
0.373809099197
0.228867053986
0.422796010971
0.312386989594
0.27658700943
0.223350048065
0.384610891342
0.369616985321
0.309108018875
0.210734844208
0.114974021912
0.151526927948
0.273191213608
0.297393083572
0.356809854507
0.189819097519
0.255059957504
0.22577214241
0.234852075577
0.307144880295
0.33152794838
0.429777145386
0.283812046051
0.191312074661
0.140691041946
0.156815052032
0.739767074585
0.251691818237
0.138032913208
0.207383871078
0.192576885223
0.254339933395
0.248350858688
0.119865894318
0.192536115646
0.201823949814
0.184417963028
0.348181962967
0.178749084473
0.109871149063
0.145550966263
0.182205915451
0.205951929092
0.165297031403
0.300379991531
0.147909879684
0.14772105217
0.189683914185
0.242483139038
0.328931093216
0.199685096741
0.300086975098
0.326949119568
0.278446912766
0.213268041611
0.753032922745
0.251338005066
0.161661863327
0.267143964767
0.165962934494
0.211055994034
0.218266963959
0.333360910416
0.282433986664
0.333606004715
0.309582233429
0.287599086761
0.296096086502
0.398293972015
0.069324016571
0.133410215378
0.101983785629
0.094162940979
0.0965270996094
0.143388032913
0.102216959
0.159208059311
0.0901639461517
0.0747539997101
0.124946117401
0.123733997345
0.0630559921265
0.111284017563
0.117338180542
0.0959479808807
0.0744638442993
0.200563907623
0.152010917664
0.116230010986
0.136914014816
0.121556043625
0.164097070694
0.142072916031
0.118815898895
0.137217998505
0.106623888016
0.180038928986
0.0967400074005
0.139553070068
0.124720811844
0.101052045822
0.281498908997
0.255167007446
0.832483053207
0.271476984024
0.158753156662
0.28799700737
0.298023939133
0.194004058838
0.18855714798
0.179630041122
0.254395008087
0.182678937912
0.398753881454
0.338103055954
0.286864995956
0.170402050018
0.135153055191
0.202814102173
0.193742990494
0.228202104568
0.162088871002
0.3116979599
0.149477958679
0.318248987198
0.184032917023
0.186091899872
0.176954984665
0.248394012451
0.100197076797
0.213141202927
0.327294111252
