0.12039399147
0.164459943771
0.16768693924
0.127124071121
0.175682067871
0.109764099121
0.116930007935
0.119349956512
0.109678983688
0.128013134003
0.121119976044
0.186858892441
0.163719177246
0.164131879807
0.140606880188
0.145309925079
0.131124973297
0.140820980072
0.161906957626
0.124184846878
0.173433065414
0.117125034332
0.137959957123
0.117467164993
0.126765012741
0.150967121124
0.17981505394
0.163182973862
0.153985023499
0.148422956467
0.137839078903
0.1810131073
0.135318040848
0.138719081879
0.177911996841
0.127516031265
0.112025976181
0.0835819244385
0.145025968552
0.147765874863
0.183246135712
0.160660028458
0.169128894806
0.151875019073
