0.144638061523
0.167541980743
0.140281915665
0.154334068298
0.2271900177
0.189438819885
0.236248016357
0.121875047684
0.146407842636
0.157335042953
0.186660051346
0.0905990600586
0.218293905258
0.147285938263
0.210615873337
0.168933868408
0.178240060806
0.188806056976
0.158731937408
0.169737100601
0.198927164078
0.174293994904
0.208906888962
0.104890108109
0.126039028168
0.153496026993
0.178109884262
0.20187997818
0.132432937622
0.205431938171
0.159250020981
0.180820941925
0.148242950439
0.162316083908
0.176329135895
0.201013088226
0.219601869583
0.108726978302
0.130254030228
0.1537129879
0.0808761119843
0.212816953659
0.151558160782
0.201304912567
