0.155332803726
0.237464904785
0.11865901947
0.169481039047
0.16860294342
0.149420022964
0.155256032944
0.146414041519
0.13606595993
0.123174905777
0.17936205864
0.140840053558
0.140477180481
0.163997888565
0.217535018921
0.252267122269
0.246124982834
0.188457012177
0.195900917053
0.196499109268
0.24681520462
0.184051990509
0.184575080872
0.225446939468
0.185378074646
0.186670064926
0.200523138046
0.170610904694
0.16788983345
0.147103786469
0.185220956802
0.200373888016
0.14364695549
0.172940015793
0.121705055237
0.19647693634
0.157585859299
0.18728017807
0.221767902374
0.185187101364
0.169496059418
0.168147087097
0.129734039307
0.130382061005
0.206250905991
0.130309104919
1.21124505997
0.113650798798
0.162713050842
0.163544893265
0.158622980118
0.122034072876
0.091835975647
0.104290008545
0.136029958725
0.123586177826
0.162297010422
0.0865581035614
0.144796848297
0.183736801147
0.18354177475
0.205283164978
0.186188936234
0.214495897293
0.231200933456
0.139508008957
0.178519010544
0.163611888885
0.224904060364
0.171648979187
0.177666902542
0.20932507515
0.196544885635
0.184229850769
0.172646999359
0.146232128143
0.197611093521
0.15379691124
0.156713008881
0.252562046051
0.220386981964
0.215151786804
0.161468982697
0.116477966309
0.139374017715
0.12385392189
0.11109995842
0.0803468227386
0.122276067734
0.0777118206024
0.086110830307
0.0962018966675
0.121759176254
0.101171016693
0.103633165359
0.189707040787
1.17114710808
0.172080993652
0.18668794632
0.176614046097
0.189354896545
0.106499910355
0.132482051849
0.155957937241
0.0997829437256
0.185375928879
0.142078876495
0.144345998764
0.20043182373
0.198270082474
0.192588090897
0.158965110779
0.23850107193
0.195009946823
0.185655117035
0.189326047897
0.235929965973
0.2150349617
0.241986989975
0.197789907455
0.22486114502
0.186064958572
0.207073926926
0.194308996201
0.108026027679
0.158088922501
0.122570037842
0.173304080963
0.215959072113
0.194690942764
0.162820100784
0.179129838943
0.114230871201
0.175888061523
0.14944601059
0.136660814285
0.168963909149
0.100727796555
0.149784088135
0.198219060898
0.120844841003
0.106548070908
0.103291034698
0.125379085541
1.16717219353
0.128942012787
0.202434062958
0.216766119003
0.213543891907
0.145945072174
0.147621870041
0.158666849136
0.18373298645
0.162328004837
0.222892045975
0.15164899826
0.170536994934
0.240094900131
0.158609867096
0.110580921173
0.255238056183
0.225608110428
0.179272174835
0.168740987778
0.145249843597
0.09161901474
0.144343852997
0.166240930557
0.121172904968
0.179782152176
0.176486968994
0.139819860458
0.15420794487
0.136511087418
0.132874965668
0.133004903793
0.148877859116
0.194459915161
0.238066911697
0.0916218757629
0.123774051666
0.118680000305
0.133603096008
0.110386133194
0.13596200943
0.0854661464691
0.0851581096649
0.143625974655
0.090695142746
0.0918428897858
0.0957958698273
0.106475114822
0.0957481861115
0.194274902344
0.232938051224
0.155953168869
0.210955858231
0.161890983582
0.131622076035
0.153721094131
0.159719228745
0.127002000809
0.134398937225
0.177525997162
0.148105859756
0.148264884949
0.170328855515
0.117667913437
0.135844945908
0.0876338481903
0.128722906113
0.127534151077
0.117388963699
0.0976979732513
0.0904369354248
0.143988132477
0.118962049484
0.137526988983
0.20737695694
0.132947921753
0.161710977554
0.144361972809
0.158983945847
0.138233184814
0.161705970764
0.117212057114
0.124757766724
0.140213012695
0.141415119171
0.143074035645
0.140153884888
0.160346984863
0.101691007614
0.0925660133362
0.186318874359
0.19939494133
0.143203020096
0.169049024582
0.0913770198822
0.152292013168
0.1321849823
0.157222986221
0.108695030212
0.127736091614
0.18976688385
0.130653142929
0.139314889908
0.134737968445
0.176089048386
0.176094055176
0.136105060577
0.119435071945
0.150719881058
0.154736995697
0.157814979553
0.15506196022
0.154281139374
0.138253927231
0.239869117737
