0.41375207901
0.340425014496
0.32407283783
0.359300136566
0.237336874008
0.253502130508
0.210886955261
0.273461818695
0.392596960068
0.222158908844
0.231076955795
0.284139871597
0.239434957504
0.240054130554
0.197374820709
0.191161155701
0.163509845734
0.365646123886
0.353286981583
0.402262210846
0.330122947693
0.329405069351
0.33064198494
0.320845127106
0.279338121414
0.343780040741
0.214105844498
0.203665018082
0.270457029343
0.238841056824
0.263678073883
0.198938846588
0.164694070816
0.165508985519
0.25888800621
0.274521112442
0.334810018539
0.387430906296
0.323887825012
0.26647901535
0.325016021729
0.304281949997
0.18753695488
0.22589802742
0.286362171173
0.279714822769
0.221334218979
0.216809988022
0.254437923431
0.239949941635
0.349452018738
0.258250951767
0.263144016266
0.317800045013
0.233939170837
0.239115953445
0.272747993469
0.225947856903
0.319586992264
0.333524942398
0.306554794312
0.243433952332
0.165498018265
0.191133022308
0.190761089325
0.41614985466
0.220458030701
0.334753990173
0.304585933685
0.27209186554
0.231893062592
0.168647050858
0.233955144882
0.233655929565
0.257250070572
0.272214889526
0.27234005928
0.200480937958
0.200133085251
0.145070075989
0.17796087265
0.16724395752
0.244384050369
0.322010993958
0.346686124802
0.276377916336
0.211253881454
0.212374925613
0.221494913101
0.167989969254
0.260035037994
0.205720901489
0.11642408371
0.306704044342
0.231529951096
0.131031990051
0.145121097565
0.150919914246
0.168651103973
0.240013837814
0.128405809402
0.228975057602
0.139688014984
0.204524993896
0.182144880295
0.11972618103
0.144697904587
0.209484100342
0.272837162018
0.28253698349
0.136302947998
0.208183050156
0.236096858978
0.13098192215
0.223436117172
0.187310934067
0.225545883179
0.126897096634
0.193091154099
0.138742923737
0.175606012344
0.180737018585
0.166138887405
0.140659093857
0.135307073593
0.206752061844
0.164923906326
0.188817977905
0.160771846771
0.148176193237
0.195962905884
0.181621074677
0.106795072556
0.183428049088
0.118896007538
0.221611976624
0.201628923416
0.209930896759
0.159805059433
0.204096078873
0.140178918839
0.105464935303
0.15665102005
0.147897005081
0.213766098022
0.114462137222
0.134802818298
0.211019992828
0.426326990128
0.332658052444
0.206120014191
0.241139888763
0.225922822952
0.234382867813
0.210403203964
0.385946989059
0.237854003906
0.307346105576
0.198706150055
0.174922943115
0.185777902603
0.163434028625
0.13742184639
0.179546117783
0.233114957809
0.243142843246
0.219261884689
0.163130998611
0.185874938965
0.172166109085
0.102414131165
0.14327788353
0.164162874222
0.101760149002
0.200779914856
0.145036935806
0.180983066559
0.159478902817
0.146104097366
0.135590076447
0.268977165222
0.308810949326
0.264152050018
0.235492944717
0.198328018188
0.225470066071
0.247050046921
0.181791782379
0.228712081909
0.223381996155
0.284755945206
0.237848997116
0.290158987045
0.213560819626
0.171830892563
0.137577056885
0.336423873901
0.291618108749
0.391151189804
0.391159057617
0.297607898712
0.286721944809
0.285980939865
0.230024814606
0.258949041367
0.244410991669
0.30496096611
0.260395765305
0.335386991501
0.206269025803
0.204582929611
0.172332048416
0.386791944504
0.215546131134
0.271265983582
0.287867069244
0.258825063705
0.258934020996
0.332449913025
0.228768825531
0.365272045135
0.193331003189
0.289196968079
0.245055913925
0.201416015625
0.202688932419
0.197048187256
0.174395084381
0.294922828674
0.201514959335
0.246276140213
0.236400127411
0.229333877563
0.190171957016
0.109171152115
0.167475938797
0.226755857468
0.22048997879
0.275041103363
0.231249094009
0.311771869659
0.229791164398
0.144155979156
0.210196971893
0.194597959518
0.15752196312
0.20362496376
0.167714834213
0.225520133972
0.171092987061
0.195283174515
0.1613240242
0.126327037811
0.245416879654
0.228910923004
0.12355017662
0.339107990265
0.1827480793
0.189388036728
0.182344913483
0.132038831711
0.11211180687
