0.246824026108
0.266190052032
0.215765953064
0.259057044983
0.239429950714
0.228778123856
0.147665023804
0.210646867752
0.138536930084
0.178474903107
0.0828588008881
0.251101970673
0.174082994461
0.220227956772
0.14209485054
0.226127147675
0.152924060822
0.219722032547
0.168530225754
0.217178106308
0.182295084
0.1394739151
0.190478086472
0.12425994873
0.115545988083
0.23360490799
0.194083929062
0.206997871399
0.213617801666
0.255647182465
0.284581899643
0.233433961868
0.268590211868
0.249106168747
0.242649078369
0.169824838638
0.219647884369
0.147925853729
0.130806922913
0.271013021469
0.208775043488
0.172443151474
0.238654851913
0.153319120407
0.235424995422
0.204146146774
0.248805046082
0.195036172867
0.211627960205
0.229948043823
0.208052158356
0.201084136963
0.131086111069
0.161448955536
0.0921959877014
0.250236988068
0.182034015656
0.163753986359
0.19545006752
0.132956027985
0.193633079529
