0.149358034134
0.137982845306
0.137407064438
0.132040023804
0.226707935333
0.187237977982
0.178268194199
0.228043079376
0.0762250423431
0.16961812973
0.112480163574
0.109361886978
0.107028961182
0.123292922974
0.130975961685
0.176854848862
0.152538061142
0.149802923203
0.182662010193
0.189374923706
0.141304016113
0.124212026596
0.107316017151
0.111251115799
0.12505197525
0.125620126724
0.210083007812
0.107636928558
0.111035108566
0.145660161972
0.0942709445953
0.151921033859
0.12860584259
0.142294883728
0.162462949753
0.123227119446
0.158709049225
0.153614044189
0.171828985214
0.116152048111
0.0962281227112
0.14532494545
0.113692045212
0.147094964981
0.18678689003
0.178194046021
0.174752950668
0.118812084198
0.132115125656
0.147392988205
0.171713113785
0.154328107834
0.161318063736
0.161864042282
0.0839071273804
0.0926671028137
0.138688087463
0.116670131683
0.101830005646
0.179363012314
0.114387989044
0.176182985306
0.19390296936
0.627657175064
0.130270957947
0.130332946777
0.193256855011
0.125909090042
0.096843957901
0.131374120712
0.162748098373
0.12540102005
0.156266927719
0.133503913879
0.169942140579
0.107908010483
0.130924940109
0.126978874207
0.229813098907
0.167490005493
0.18582701683
0.192171096802
0.232666969299
0.211155891418
0.169422149658
0.16943693161
0.157405138016
0.181489944458
0.20725607872
0.125122070312
0.125256061554
0.14774107933
0.119580984116
0.133488178253
0.117733001709
0.10310792923
0.119664907455
0.186867952347
0.17116189003
0.135318994522
0.167687177658
0.0906190872192
0.12630200386
0.154788017273
0.144861936569
0.127820968628
0.152442932129
0.111334085464
0.136844158173
0.195134878159
0.162650823593
0.178552865982
0.0892059803009
0.191976070404
0.166254997253
0.123785972595
0.110641956329
0.121197938919
0.134349822998
0.147134065628
0.127778053284
0.165839910507
0.130128145218
0.102678060532
0.118942022324
0.0821690559387
0.15403008461
0.122492074966
0.141299009323
0.25636100769
0.193165063858
0.173173904419
0.142058849335
0.183459997177
0.150430202484
0.157495975494
0.156979799271
0.187572002411
0.152563095093
0.0917479991913
0.104172945023
0.158352136612
0.110694169998
0.124518871307
0.215508937836
0.189472913742
0.184048891068
0.191674947739
0.151066064835
0.193675041199
0.156127929688
0.159893035889
0.188227176666
0.184252023697
0.130682945251
0.135072946548
0.15581703186
0.167751073837
0.119318962097
0.20143198967
0.20010304451
0.20961022377
0.174437046051
0.188687086105
0.15003490448
0.22255897522
0.174700975418
0.128935098648
0.125967979431
0.161426067352
0.117955207825
0.0814290046692
0.114135980606
