0.379758119583
0.21915102005
0.262964963913
0.226469993591
0.177099943161
0.160505056381
0.223508834839
0.245498895645
0.190538883209
0.21450304985
0.125381946564
0.10578918457
0.143529176712
0.162869930267
0.183832883835
0.126624822617
0.252650022507
0.16851401329
0.193140029907
0.210005044937
0.176504850388
0.135205984116
0.148084878922
0.2095079422
0.178657054901
0.17605805397
0.169741868973
0.159865856171
0.120352983475
0.160406112671
0.188256978989
0.160584926605
0.171864032745
0.357357978821
0.28976392746
0.276499986649
0.239805936813
0.156284809113
0.210628986359
0.14111495018
0.154062986374
0.135307073593
0.174932956696
0.169118881226
0.180122852325
0.127996921539
0.18314409256
0.154908895493
0.140004873276
0.118453025818
0.367496967316
0.319479942322
0.246037006378
0.184268951416
0.226869106293
0.169239997864
0.13999915123
0.169976949692
0.179136037827
0.129069805145
0.176710128784
0.163783073425
0.182368993759
0.155838012695
0.34366106987
0.196592092514
0.224767923355
0.222643852234
0.171936035156
0.161936044693
0.222455978394
0.180328845978
0.180709123611
0.129322052002
0.136065006256
0.179966926575
0.188197851181
0.171122074127
0.178234100342
0.235320091248
0.176753044128
0.19975399971
0.161730051041
0.190768003464
0.172319173813
0.115068912506
0.165120840073
0.1605489254
0.125712871552
0.192492961884
0.110846996307
0.193253040314
0.12396979332
0.205385923386
0.152523040771
0.120631933212
0.251507043839
0.154461860657
0.170650005341
0.117236852646
0.13399720192
0.156666994095
0.146238088608
0.137559890747
0.140912055969
0.13245511055
0.134485960007
0.100813865662
0.0921790599823
0.151848077774
0.143311977386
0.144576072693
0.118374109268
1.1838760376
0.13583111763
0.195192098618
0.108972072601
0.0684559345245
0.184587001801
0.124476909637
0.142889022827
0.116575956345
0.130671977997
0.120393037796
0.112655878067
0.127609014511
0.204363107681
0.303310871124
0.173542022705
0.21843791008
0.206367015839
0.168479919434
0.152960777283
0.134359121323
0.239917039871
0.259000062943
0.197074890137
0.234903812408
0.154877901077
0.121222019196
0.179754018784
0.202723026276
0.195502996445
0.143942117691
0.355168819427
0.299565076828
0.295170068741
0.23929309845
0.160229921341
0.235700130463
0.155116081238
0.160111188889
0.17392706871
0.188141107559
0.13121509552
0.183221817017
0.152281999588
0.147346019745
0.133452177048
0.24080991745
0.169465065002
0.172836780548
0.141826152802
0.121106863022
0.137573957443
0.0971028804779
0.152716875076
0.107377052307
0.14745092392
0.127846956253
0.171234130859
0.12681388855
0.130307912827
0.106211185455
