0.229201078415
0.126518964767
0.185142993927
0.140199184418
0.224581003189
0.221393108368
0.17725610733
0.156502008438
0.150218009949
0.133240938187
0.119355916977
0.18173789978
0.178958892822
0.136073112488
0.192692041397
0.147013902664
0.108869075775
0.136336088181
0.200090885162
0.10342001915
0.149027109146
0.139309883118
0.17613697052
0.20295381546
0.175886154175
0.134211063385
0.211546897888
0.163074970245
0.151053905487
0.169610023499
0.245679855347
0.173429965973
0.221363067627
0.190428972244
0.21142411232
0.197520017624
0.163569927216
0.142143011093
0.157149076462
0.146054029465
0.180359840393
0.186061143875
0.159276008606
0.103716135025
0.164461135864
0.137591123581
0.0966711044312
0.143452882767
0.129292964935
0.201935052872
0.152667999268
0.206700086594
0.178395986557
0.186007022858
0.183577060699
0.138937950134
0.19152712822
0.15500998497
0.146968841553
0.187659978867
0.167728185654
0.171635150909
0.194279193878
0.181859016418
0.19530582428
0.204181909561
0.192067861557
0.203855991364
0.178973913193
0.114179134369
0.15150308609
0.166177034378
0.136010169983
0.171587944031
0.169298171997
0.127559900284
0.18418097496
0.180726766586
0.163079977036
0.185297966003
0.197474956512
0.174289941788
0.152561187744
0.163019895554
0.217437982559
0.129135847092
0.167268037796
0.151819944382
0.136681079865
0.123429059982
0.141654014587
