0.127703905106
0.125885009766
0.11628484726
0.152051925659
0.15710401535
0.152056217194
0.12144613266
0.14006114006
0.0929050445557
0.095223903656
0.105932950974
0.106950044632
0.139806985855
0.114711046219
0.103583812714
0.159867048264
0.162472009659
0.144354820251
0.100414991379
0.13095498085
0.215645074844
0.208474159241
0.195260047913
0.176167011261
0.203908920288
0.198369026184
0.200984954834
0.192469120026
0.227606773376
0.213115930557
0.223084926605
0.220715999603
0.107939004898
0.115829944611
0.112843036652
0.111978054047
0.155624866486
0.164926767349
0.1568338871
0.107595920563
0.118352174759
0.154687166214
0.0973699092865
0.152893066406
0.108333110809
0.157633066177
0.106664896011
0.174479961395
0.167107820511
0.151198863983
0.127622842789
0.205669164658
0.170988082886
0.144246816635
0.115046977997
0.160423994064
0.216157197952
0.178839921951
0.151529073715
0.102382898331
0.0890028476715
0.140953063965
0.123084068298
0.107898950577
0.0919930934906
0.106337070465
0.137332201004
0.146280050278
0.171421051025
0.205461025238
0.124330043793
0.106392860413
0.165508985519
0.141801834106
0.114566087723
0.179581165314
0.0989291667938
0.14076590538
0.165802955627
0.183466911316
0.266511917114
0.119051933289
0.125385046005
0.192065000534
0.170456886292
0.129038095474
0.106820106506
0.174993038177
0.206783056259
0.192165851593
0.139198064804
0.208919048309
0.302546977997
0.223741054535
0.193271875381
0.208415985107
0.246771097183
0.262179136276
0.219357013702
0.21267914772
0.25790309906
0.230659008026
0.157014846802
0.132990121841
0.16605591774
0.180409193039
0.178055047989
0.175594091415
0.25550198555
0.148222208023
0.185054063797
0.194316864014
0.21865105629
0.180938959122
0.184058904648
0.153681993484
0.180855989456
0.177319049835
0.199232816696
0.180177927017
0.226009845734
0.169292926788
0.179401874542
0.161834001541
0.201025009155
0.143985033035
0.168515920639
0.18540596962
0.244035959244
0.120091915131
0.18519616127
0.225051164627
0.188878059387
0.16715502739
0.128256082535
0.154438972473
0.177845954895
0.159662008286
0.1531021595
0.296850919724
0.263173103333
0.214826107025
0.164885997772
0.148557186127
0.230240821838
0.20001912117
0.199980974197
0.182579994202
0.171569824219
0.136842012405
0.0978901386261
0.178447961807
0.123345136642
0.234802007675
0.195173025131
0.266294956207
0.212733983994
0.208932161331
0.289891004562
0.20130610466
0.225973844528
0.230357170105
0.227359056473
0.181940078735
0.186278104782
0.184332847595
0.212532043457
0.255221128464
0.179672956467
0.167474985123
0.274001121521
0.153016805649
0.180032014847
0.165612220764
0.145602941513
0.137224197388
0.215301036835
0.216929912567
0.215550899506
0.156125068665
0.128825902939
0.152488946915
0.132461071014
0.205018043518
0.169099807739
0.180242061615
0.142037153244
0.135245084763
0.102082967758
0.22784781456
0.212513208389
0.168318986893
0.154200077057
0.17410993576
0.174355983734
0.156929969788
0.233476877213
0.209779977798
0.176371097565
0.145174026489
0.1424908638
0.115875005722
0.163285970688
0.18700504303
0.17848110199
0.0907828807831
0.12752199173
0.0819561481476
0.136695861816
0.0921730995178
0.222303152084
0.126456022263
0.209568023682
0.127085924149
0.198323965073
0.239513158798
0.175915002823
0.203077077866
0.255198001862
0.248670101166
0.20967912674
0.183304071426
0.167304992676
0.221257925034
0.197316169739
0.168226957321
0.160791158676
0.238634109497
0.0969450473785
0.176629066467
0.120362043381
0.159829854965
0.225214958191
0.184903860092
0.157566070557
0.234289884567
0.207360982895
0.211672067642
0.177935838699
0.175060033798
0.189665079117
0.229194879532
0.188005208969
0.175604104996
0.245335102081
0.172315120697
0.13867688179
0.118618965149
0.173705101013
0.194431066513
0.131938934326
0.14653301239
0.14182806015
0.0824580192566
0.193157911301
0.183382034302
0.195955038071
0.171195983887
0.111533880234
0.133576154709
0.113780021667
0.148832082748
0.214184045792
0.172650814056
0.167722225189
0.127175092697
0.14567399025
0.15745806694
0.116890907288
0.156671047211
0.12030506134
0.131675004959
0.164405107498
0.157128095627
0.167966127396
0.179526805878
0.139847040176
0.165452003479
0.153703927994
0.271610975266
0.200309991837
0.185759067535
0.173437833786
0.18986582756
0.191062927246
0.193322181702
0.199276924133
0.129573822021
0.198045015335
0.181957006454
0.156730890274
0.122395992279
0.224832057953
0.235432863235
0.212956905365
0.204107999802
0.276234865189
0.219377994537
0.208343982697
0.19340801239
0.213679075241
0.167381048203
0.191776037216
0.229911088943
0.165055990219
0.205064058304
0.217241048813
0.222305059433
0.231326818466
0.240884065628
0.186415910721
0.167284965515
0.146506071091
0.136090993881
0.171080112457
0.163159132004
0.232131958008
0.149976015091
0.180006980896
0.229316949844
0.193672895432
0.166499137878
