0.18407702446
0.15883398056
0.175890922546
0.205849885941
0.162961006165
0.199377059937
0.161007881165
0.127912044525
0.181658983231
0.161592006683
0.146987199783
0.176719903946
0.158873081207
0.152657985687
0.116714000702
0.162942171097
0.160512208939
0.155266046524
0.128039121628
0.161108016968
0.191583871841
0.183458089828
0.146414995193
0.175112962723
0.177469968796
0.14044713974
0.144603013992
0.14128613472
0.136495113373
0.132718801498
0.143159151077
0.169662952423
0.143920898438
0.16574883461
0.200087070465
0.167976856232
0.174113988876
0.126668930054
0.164951086044
0.16011095047
0.181267023087
0.145846128464
0.128010034561
0.104748010635
0.162784099579
0.13626909256
