0.332516908646
0.214907169342
0.228808164597
0.230416059494
0.151756048203
0.0872349739075
0.130154132843
0.113170146942
0.123011827469
0.0957548618317
0.163214921951
0.115725040436
0.355298042297
0.127516031265
0.2401471138
0.204710006714
0.19081902504
0.207691907883
0.152763128281
0.137841939926
0.180341005325
0.175937891006
0.16761302948
0.152671813965
0.10276889801
0.153795957565
0.0962040424347
0.184638977051
0.101104021072
0.115733861923
0.256947040558
0.184135913849
0.21484208107
0.22253704071
0.140412092209
0.213268041611
0.124393939972
0.127577066422
0.141033887863
0.131464958191
0.152530908585
0.170897960663
0.158140897751
0.0825941562653
0.15421795845
0.216081857681
0.186484098434
0.181484937668
0.18615603447
0.13177895546
0.160203933716
0.186980009079
0.163253068924
0.195019960403
0.169538974762
0.153428792953
0.135481834412
0.0893287658691
0.100286006927
0.164292097092
0.0724501609802
0.145799875259
0.158700942993
0.135578870773
0.139019966125
0.181349992752
0.195119142532
0.146794080734
0.168553113937
0.151041030884
0.149641036987
0.161161899567
0.164031982422
0.21426987648
0.208550930023
0.136917829514
1.17264580727
0.202203989029
0.224204063416
0.170366048813
0.209207057953
0.113840103149
0.194375991821
0.187441110611
0.176336050034
0.147920846939
0.214576005936
0.16911315918
0.119169950485
0.157191038132
0.176784992218
0.203783035278
0.136794805527
0.142997980118
0.244826793671
0.164798021317
0.112782001495
0.147658109665
0.13849401474
0.110419988632
0.0912749767303
0.135908842087
0.0969181060791
0.168740987778
0.121015071869
0.341557979584
0.315790891647
0.165802001953
0.171413898468
0.109969139099
0.20890212059
0.166695833206
0.133791923523
0.149118900299
0.103030920029
0.137861967087
0.16672205925
0.0874559879303
0.15666103363
0.0937988758087
0.173816919327
0.188458919525
0.225568056107
0.12361907959
0.140638828278
0.234375953674
0.145550966263
0.0790898799896
0.115633010864
0.0860130786896
0.172294139862
0.0888969898224
0.134371995926
0.101876020432
0.149152040482
0.211241960526
0.105976104736
1.13958311081
0.199117183685
0.17946600914
0.196563959122
0.14219212532
0.169542074203
0.18107509613
0.125959873199
0.1959400177
0.159920215607
0.165657043457
0.169450044632
0.137398958206
0.0973718166351
0.150689840317
0.162406921387
0.171932935715
0.171564817429
0.141267061234
0.176676034927
0.203411817551
0.129690885544
0.161601066589
0.145582914352
0.153984069824
0.149972915649
0.12441110611
0.143393039703
0.115283966064
0.132564067841
0.114562988281
1.22830295563
0.203616857529
0.178254127502
0.286566019058
0.186285972595
0.155920028687
0.187333106995
0.141789913177
0.16552901268
0.142085075378
0.145820856094
0.0874910354614
0.168967008591
0.111451148987
0.116415023804
0.120279073715
0.307520866394
0.203569889069
0.231079816818
0.192356824875
0.280611991882
0.173608779907
0.139698028564
0.180930137634
0.176826953888
0.110167980194
0.102533102036
0.0962889194489
0.119106054306
0.174149990082
0.11779999733
0.367681980133
0.131675004959
1.23576211929
0.20067691803
0.205518007278
0.260096073151
0.17951798439
0.196738958359
0.158755064011
0.189807891846
0.124387979507
0.154519081116
0.148444890976
0.101311922073
0.202689886093
0.122925043106
0.12384390831
0.127597093582
0.300850152969
0.243755102158
0.184892892838
0.254419088364
0.121690988541
0.12011384964
0.215222120285
0.171304941177
0.11806511879
0.130429983139
0.11203789711
0.149949073792
0.176901102066
0.165702819824
0.141710042953
0.327509880066
0.181720972061
0.196745157242
0.138146877289
0.233097076416
0.185971975327
0.163926839828
0.159708023071
0.148411035538
0.129471063614
0.117586135864
0.147221088409
0.175608158112
0.0930528640747
0.229183912277
0.13337802887
