0.173264026642
0.158041954041
0.217595100403
0.258599996567
0.19720697403
0.191705942154
0.172159910202
0.179668903351
0.165576934814
0.195482969284
0.139173984528
0.204405069351
0.205324172974
0.164103031158
0.213746070862
0.170161962509
0.231059074402
0.111937046051
0.119996070862
0.194438934326
0.231878995895
0.165174007416
0.164077997208
0.161550045013
0.170672893524
0.148478031158
0.17858505249
0.144520044327
0.185296058655
0.162631034851
0.145948886871
0.197552919388
0.171497106552
0.206329107285
0.139629125595
0.142264127731
0.201625108719
0.225164890289
0.176540851593
0.181545972824
0.156536102295
0.155866146088
0.151948928833
0.19194984436
0.140515089035
0.203993082047
0.201359987259
0.170774936676
0.220968008041
0.143313169479
0.226546049118
0.192100048065
0.172604084015
0.232980012894
0.236623764038
0.162203073502
0.157072067261
0.151737928391
0.162894964218
0.163883924484
0.191483020782
0.211330890656
0.193562984467
0.153526067734
0.208076000214
0.159708976746
0.182110071182
