7.31427884102
20.9293057919
37.5448720455
40.8367099762
61.7907481194
104.361505985
128.356367826
139.918495893
147.243136883
177.567813158
187.089062929
11.4690670967
25.0654280186
39.6768918037
43.986219883
65.9370229244
66.9796419144
81.6864891052
105.477455854
144.019438982
155.553827047
174.404125929
185.964964867
12.4752860069
26.1158819199
33.358175993
52.3845908642
58.6731808186
80.6529209614
93.0450668335
116.960819006
145.16960001
159.775067806
183.920704126
15.6565740108
29.1699819565
38.5510489941
54.454777956
66.9206449986
68.9987990856
84.781482935
115.906126022
134.656648874
149.381627083
157.725889206
186.975862026
16.7216398716
28.1557400227
41.7615060806
47.1283321381
67.9702620506
85.8226120472
130.448960066
141.923886061
151.45026207
172.410018921
181.760040998
3.2127199173
15.740885973
29.2580559254
56.6265671253
73.1571340561
98.1934192181
115.97232604
132.615421057
143.107542992
156.700028896
175.569477081
5.28587818146
19.8450920582
34.451611042
48.1928870678
57.6650059223
68.0117509365
87.8882851601
110.707510948
133.626852989
154.539761066
171.34048295
184.929206133
6.30218410492
18.793446064
32.3483932018
41.8657069206
60.7198438644
86.8604869843
90.9840831757
111.790336847
140.916203976
146.21250391
166.149860144
178.599291086
13.5506329536
27.1380660534
51.2943680286
64.8693921566
74.1238059998
103.390244961
127.353511095
130.53392005
148.339042187
160.819973946
180.7280972
186.036437035
14.5735418797
40.7286958694
49.2030069828
69.0110609531
78.2827830315
103.438529968
135.720812082
144.145323992
169.267090082
174.51564312
8.32914495468
21.9591159821
30.3079760075
50.283354044
55.5849790573
90.0058288574
114.943442106
129.563297033
142.09663105
155.646747112
179.690876007
1.17373895645
14.7633440495
27.2205400467
39.8008019924
52.5496959686
79.6616508961
114.889229059
122.213088036
137.822992086
150.435244083
158.746705055
172.44968009
185.049041986
10.4078919888
22.9949960709
35.4369518757
45.0147149563
63.8101580143
89.9539320469
116.913007975
126.311115026
143.006089926
153.46946311
170.297610044
182.883625984
4.22835993767
17.7544279099
36.5103030205
53.4075090885
62.8214178085
88.9092578888
113.852114916
120.061372042
138.852969885
152.48723197
167.201641798
9.38826704025
24.003786087
31.3029880524
42.963999033
59.7286219597
100.298120022
123.205070972
128.430943012
156.637248039
173.398538828
173.504429102
2.23823189735
16.8008129597
28.1971809864
46.105700016
53.553552866
82.7476918697
102.405297995
119.051647902
136.813635111
157.604982853
168.265359879
176.579715014
