0.157170057297
0.177030086517
0.173732042313
0.190986871719
0.200548887253
0.198761940002
0.202119112015
0.161863088608
0.12163901329
0.169985055923
0.151324033737
0.132035970688
0.189978837967
0.154403924942
0.179057121277
0.177315950394
0.18875002861
0.195497989655
0.264220952988
0.226553916931
0.208297967911
0.160831928253
0.224470853806
0.17151594162
0.135411977768
0.179666042328
0.173007965088
0.163336992264
0.199272871017
0.163755893707
0.186388015747
0.186866998672
0.206475973129
0.209296941757
0.273151159286
0.240481138229
0.21237206459
0.167512893677
0.274906873703
0.174123048782
0.19637799263
0.152927160263
0.187314987183
0.181251049042
0.153198957443
0.193193912506
0.15293598175
0.182337999344
0.179056882858
0.186928987503
0.254333019257
0.207721948624
0.210448980331
0.141968011856
0.266355991364
0.1605489254
0.115206956863
0.139118909836
0.151212930679
0.154604911804
0.134713888168
0.18848991394
0.144105911255
0.1721971035
0.175657987595
0.145701885223
0.164537191391
0.189373970032
0.188466072083
0.128728151321
0.139552116394
0.143692016602
0.0882360935211
0.114521980286
0.159864902496
0.143170118332
0.190102815628
0.126852035522
0.170776128769
0.162165880203
