0.141719818115
0.164951086044
0.152533054352
0.18679189682
0.170891046524
0.137428998947
0.173449039459
0.196979999542
0.132443904877
0.136527061462
0.159837007523
0.16466999054
0.193505048752
0.171137094498
0.160171031952
0.203618049622
0.152127981186
0.180321931839
0.164408922195
0.193062782288
0.14725279808
0.178534030914
0.219388008118
0.213922977448
0.165576934814
0.152440071106
0.179986000061
0.187071084976
0.190905809402
0.188997030258
0.171826839447
0.163374900818
0.194328069687
0.176984071732
0.199739217758
0.219988822937
0.167021989822
0.200731992722
0.234800100327
0.217838048935
0.173644065857
0.201901912689
0.214538812637
0.20565700531
0.182871818542
0.1996281147
