0.158253908157
0.138223171234
0.272039890289
0.296972990036
0.209651947021
0.189008951187
0.229928970337
0.271512985229
0.272875070572
0.275480031967
0.216037988663
0.284519195557
0.23552107811
0.17231297493
0.254442930222
0.224161863327
0.200873851776
0.162938833237
0.305624008179
0.223728895187
0.252617120743
0.263363838196
0.256933927536
0.16407418251
0.189230918884
0.167320966721
0.268530845642
0.157716035843
0.31830406189
0.114562034607
0.182199001312
0.154248952866
0.116720914841
0.132821083069
0.24268579483
0.260690927505
0.132057189941
0.178362846375
0.175328969955
0.167373895645
0.199228048325
0.126623868942
0.187478065491
0.15057682991
0.224493980408
0.244872093201
0.159552812576
0.214079856873
0.1415579319
0.169209957123
0.138609886169
0.176394939423
0.14988899231
0.245797872543
0.19819188118
0.170139074326
0.204543828964
0.300112009048
0.204843997955
0.345203876495
0.215116024017
0.162442922592
0.137854099274
0.144326925278
0.156900882721
0.153412103653
0.204007863998
0.194756031036
0.188322067261
0.243602991104
0.19501209259
0.321887969971
0.201175928116
0.153969049454
0.240780115128
0.200989961624
0.19259095192
0.245955944061
0.105798006058
0.226579904556
0.245913028717
0.126955032349
0.194427967072
0.166301965714
0.191385030746
0.226176977158
0.12099981308
0.144504070282
0.137192964554
0.205226898193
0.201293945312
0.156737089157
0.200620889664
0.153305053711
0.276607036591
0.128098011017
0.138267993927
0.161075115204
0.159688949585
0.271917104721
0.204176902771
0.235985040665
0.208118915558
0.173284053802
0.159544944763
0.22431397438
0.297131061554
0.22775387764
0.157348871231
0.304609060287
0.100688934326
0.220471858978
0.195255994797
0.28045797348
0.305551052094
0.135619163513
0.216493844986
0.245351076126
0.298331975937
0.261152982712
0.173465013504
0.376595020294
0.116386890411
0.155158996582
0.169553041458
0.129317998886
0.190848112106
0.26481294632
0.233786821365
0.264385938644
0.259524106979
0.365125894547
0.254331827164
0.360678195953
0.166812896729
0.19981098175
0.242553949356
0.190614938736
0.299060821533
0.287475824356
0.200507879257
0.168143033981
0.1732878685
0.176717042923
0.222851991653
0.123664140701
0.224269866943
0.136796951294
0.164710998535
0.139331102371
0.198106050491
0.177738904953
0.237287998199
0.255800008774
0.20788693428
0.312669992447
0.216125011444
0.180572032928
0.246526002884
0.253025054932
0.313897848129
0.273790121078
0.278819084167
0.304536104202
0.239604949951
0.350172996521
0.160489082336
0.245368003845
0.257629871368
