3.16309213638
9.45846486092
18.9108099937
25.2812330723
35.0752620697
41.5338220596
54.2307658195
69.9849319458
82.507848978
89.875221014
103.636490822
107.819985867
116.425214052
131.123236895
137.40276885
145.796136856
154.267166853
161.685214996
9.35003113747
20.9325768948
26.3112149239
38.1689040661
43.624434948
47.770403862
67.9534349442
76.3004209995
90.9615330696
105.788058043
114.153227091
122.807116032
135.325694084
147.911800861
156.315807104
163.780305147
5.28783202171
16.6718389988
24.0836420059
31.9185581207
39.2735381126
49.8243689537
54.1345150471
62.5246109962
74.1975779533
81.5386710167
100.530753136
110.930448055
118.570863008
126.964930058
138.437538147
144.681435823
151.209336042
159.586133957
6.25898098946
12.5910401344
25.1471998692
27.3624272346
41.3621349335
49.9188518524
55.2578530312
73.1181490421
91.8618788719
99.3630599976
106.720758915
111.929231882
119.519806862
127.948841095
133.195482969
139.485615015
142.583128929
150.151980877
158.544668913
8.33838295937
13.6262309551
22.0345211029
36.1196389198
47.7286219597
57.3213410378
68.9999110699
79.4141569138
98.4909820557
106.874000788
115.194240093
123.875588894
134.241483927
136.391581059
148.975808859
152.196879864
162.716255903
10.4429080486
18.7460670471
26.1991400719
34.9891130924
43.4823889732
56.1366939545
72.1264801025
78.3684668541
95.1695418358
99.5034930706
120.598366976
125.8886621
129.108917952
134.309394836
143.63668704
153.287169933
160.638164043
7.34777712822
15.6511480808
23.0638151169
30.8735229969
34.0208718777
42.559650898
50.9540879726
58.3761560917
75.1901500225
77.3827619553
93.0834140778
101.552145958
113.008786201
121.379839897
128.733954906
142.331277847
150.769148111
158.189635038
1.14159488678
11.5276370049
16.7673108578
28.4649038315
37.1369700432
45.6421761513
55.1433191299
63.5264890194
78.3515601158
83.5837981701
86.7804679871
107.805330992
115.082452059
122.806796074
130.212493181
135.415739059
143.747086048
151.248456955
159.62466383
11.4775128365
17.6981611252
27.3228850365
33.9640140533
42.415984869
48.7756309509
52.0350470543
59.6755518913
71.0507080555
87.8611409664
94.0903189182
102.58043313
108.886371136
113.093744993
121.729650974
130.115439892
140.536674023
146.825294971
155.292114019
164.794193983
2.1802418232
10.4980099201
17.8288998604
29.8797061443
33.0182039738
46.6801431179
48.8226211071
56.287966013
76.2488319874
92.9609661102
105.72933197
109.929943085
117.485751867
124.857710123
132.151995897
141.574967861
150.023040056
157.43641901
165.796986103
4.24045491219
14.6080038548
19.9063868523
32.9761140347
40.289427042
44.6135118008
53.0037918091
61.4773430824
77.2922790051
80.476252079
97.3107829094
104.702158928
114.045655012
122.147083044
129.472939014
134.718338966
143.041753054
158.969300985
