0.188009023666
0.119118928909
0.183489084244
0.126664161682
0.153800964355
0.206950187683
0.158699035645
0.215122938156
0.141612052917
0.167995929718
0.125131130219
0.230036020279
0.188216209412
0.239597082138
0.197136878967
0.150358915329
0.247399091721
0.152459144592
0.210973978043
0.156616926193
0.188066959381
0.249886989594
0.185050964355
0.257425069809
0.168594837189
0.178833007812
0.12460398674
0.196563959122
0.251981973648
0.215936183929
0.294154882431
0.211921215057
0.16016793251
0.0915100574493
0.161586999893
0.118041992188
0.142841815948
0.182839870453
0.194404125214
0.118068933487
0.178030014038
0.100847959518
0.220220088959
0.181856870651
0.196967840195
0.190728902817
0.137182950974
0.209311008453
0.13129401207
0.197408914566
0.135380029678
0.164527893066
0.227312088013
0.169856071472
0.238514184952
0.168713092804
0.173127889633
0.11817407608
0.166343212128
0.229052066803
0.193326950073
0.266020059586
0.203440904617
0.15962600708
