0.192998886108
0.148636102676
0.152654886246
0.104069948196
0.111982107162
0.11129283905
0.13146686554
0.115937948227
0.137470006943
0.162060976028
0.0937278270721
0.113670110703
0.138923883438
0.104801177979
0.118713140488
0.0810761451721
0.147252082825
0.149462938309
0.115242004395
0.130503892899
0.122461080551
0.152766942978
0.122914075851
0.162513017654
0.138665914536
0.183974027634
0.141973972321
0.203263998032
0.108874082565
0.155565977097
0.112423181534
0.120970964432
0.158066987991
0.124289035797
0.16313290596
0.0973789691925
0.115308046341
0.0799980163574
0.186937093735
0.147296905518
0.139590024948
0.151298999786
0.0825531482697
0.106971979141
0.179896831512
0.147682905197
0.111696958542
0.189816951752
0.151515960693
0.152925014496
0.161465167999
0.108781099319
0.125595808029
0.106229066849
0.124424934387
0.154589176178
0.0885879993439
0.100928783417
0.150936126709
0.119601964951
0.129214048386
0.100749969482
