0.462843894958
0.339322090149
0.348141908646
0.255054950714
0.220232009888
0.232173919678
0.207431077957
0.234559059143
0.158588886261
0.227102041245
0.184863090515
0.175436973572
0.14520907402
0.129745960236
0.0945630073547
0.140558004379
0.176959991455
0.255597114563
0.31858086586
0.175889015198
0.236989021301
0.170771121979
0.128276109695
0.189472913742
0.166577100754
0.227036952972
0.287374973297
0.159150123596
0.155873060226
0.162680149078
0.119167089462
0.133980989456
0.137814044952
0.490261077881
0.401986837387
0.311280012131
0.317103147507
0.299521923065
0.30487704277
0.15199804306
0.174144983292
0.135478019714
0.0929520130157
0.179060935974
0.154508113861
0.133083105087
0.109252929688
0.0991899967194
0.155627012253
0.1363260746
0.126862049103
0.0959820747375
0.144314050674
0.160492897034
0.126690149307
0.120139122009
0.141445159912
0.109064817429
0.114073991776
0.188943862915
0.13512802124
0.106167078018
0.129357099533
0.0992300510406
0.44800901413
0.299916028976
0.286961078644
0.211745977402
0.194525003433
0.289831876755
0.193500995636
0.242530822754
0.133141040802
0.212777853012
0.210054159164
0.169986009598
0.152801036835
0.156481027603
0.163825035095
0.200222969055
0.186073064804
0.132183074951
0.125998973846
0.191559076309
0.10956287384
0.126965045929
0.156299829483
0.213917970657
0.142793893814
0.190672874451
0.0674228668213
0.145088911057
0.196398019791
0.131862163544
0.119960784912
0.135599851608
0.136248111725
0.122275114059
0.139680862427
0.156844139099
0.126225948334
0.14394402504
0.124861955643
0.150465965271
0.100025892258
0.179219007492
0.11067700386
0.128008842468
0.147228002548
0.117592096329
0.414037942886
0.28773188591
0.260390996933
0.170989990234
0.151494026184
0.219169855118
0.177138805389
0.210219860077
0.124528884888
0.142134904861
0.211404085159
0.191680908203
0.163835763931
0.16797709465
0.135829925537
0.250293970108
0.234006166458
0.201164007187
0.0979390144348
0.144535064697
0.25125002861
0.201058864594
0.21221780777
0.132394790649
0.250454902649
0.121495008469
0.122022867203
0.201529026031
0.166659832001
0.147808074951
0.150068998337
0.128983020782
0.244246959686
0.327527046204
0.193104982376
0.185348987579
0.144653081894
0.202476978302
0.200051784515
0.206740140915
0.169104814529
0.138136863708
0.183944940567
0.196802854538
0.174155950546
0.169385910034
0.124715089798
0.120053052902
0.193843841553
0.260041952133
0.27552485466
0.209928035736
0.15296292305
0.209920883179
0.223537921906
0.254006147385
0.161320924759
0.19952082634
0.189036130905
0.172482967377
0.169357061386
0.0956170558929
0.102967977524
0.397156000137
0.311136007309
0.320613861084
0.211054086685
0.161452054977
0.195811986923
0.194737911224
0.0930480957031
0.126943826675
0.145983934402
0.140460968018
0.131250858307
0.117849826813
0.178313016891
0.112143039703
0.137979984283
0.519399881363
0.30912399292
0.286576032639
0.179488897324
0.18054485321
0.177235841751
0.0968689918518
0.135365962982
0.143263101578
0.133849859238
0.112484931946
0.135138988495
0.135936021805
0.146025180817
0.403633832932
0.30276799202
0.266571998596
0.211917877197
0.183999061584
0.206814050674
0.181396961212
0.110857009888
0.163308143616
0.187316894531
0.185342073441
0.112140893936
0.123970985413
0.102506875992
0.14320898056
0.128430128098
0.167238950729
0.539355993271
0.417054176331
0.347357034683
0.307756900787
0.291955947876
0.31977391243
0.266352891922
0.210829019547
0.246165990829
0.208992004395
0.136800050735
0.167326927185
0.144050836563
0.177686929703
0.0943188667297
0.184271097183
1.14503502846
0.142486095428
0.153409957886
0.152307033539
0.118060827255
0.128131151199
0.164066791534
0.0965909957886
0.124036073685
0.155138015747
0.119895935059
0.158874988556
0.184555053711
0.134318113327
0.516368865967
0.298403978348
0.307884931564
0.232041120529
0.178359985352
0.171724081039
0.12846493721
0.17437505722
0.201917886734
0.1967420578
0.152781009674
0.0812940597534
0.107601881027
0.116669178009
0.0991759300232
0.167410135269
0.222362995148
0.26574587822
0.165596008301
0.147312879562
0.158359050751
0.110929965973
0.154671907425
0.153657197952
0.188093900681
0.159041881561
0.145648002625
0.167757034302
0.154814004898
0.163593053818
0.103486061096
0.175076007843
0.139173984528
0.478593826294
0.354488134384
0.263113975525
0.202612876892
0.271898031235
0.360057115555
0.265944004059
0.187541007996
0.176859140396
0.254778862
0.244204044342
0.155119180679
0.0948629379272
0.153975963593
0.196207046509
0.110015153885
0.182363986969
0.284210920334
0.303165912628
0.202277183533
0.232399940491
0.185205936432
0.15355014801
0.129675865173
0.168257951736
0.198353052139
0.18883895874
0.133968114853
0.110599994659
0.127279996872
0.131386995316
0.0932350158691
0.124011039734
0.208931922913
0.21772813797
0.157036066055
0.121745824814
0.180824995041
0.0930609703064
0.152131080627
0.158295154572
0.196132898331
0.13535785675
0.152671098709
0.1471991539
0.21738409996
0.0967469215393
0.123753070831
