0.132840871811
0.146775007248
0.261333942413
0.239485025406
0.272321224213
0.251600027084
0.155106067657
0.202868938446
0.223453998566
0.255212068558
0.278887033463
0.251533031464
0.196086168289
0.18234705925
0.192469835281
0.161839008331
0.225875139236
0.0970659255981
0.224843025208
0.168958902359
0.227352142334
0.217353105545
0.179800987244
0.209365129471
0.213861942291
0.268374919891
0.157008886337
0.198377847672
0.216320037842
0.212735891342
0.206913948059
0.271760940552
0.200347185135
0.186714172363
0.231316804886
0.229617118835
0.25422501564
0.283461809158
0.191864013672
0.19104886055
0.184103012085
0.244252920151
0.247158050537
0.220257043839
0.168177127838
0.163464069366
0.169243812561
0.179301977158
0.243334054947
0.118246078491
0.193053007126
0.247750997543
0.201712846756
0.254075050354
0.237183094025
0.151710033417
0.178151130676
0.161014080048
0.181813001633
0.2504529953
0.207691192627
0.142364025116
0.145251989365
0.149059057236
0.220141887665
0.169691085815
0.16300201416
0.215525150299
0.178833007812
0.240131855011
0.195868015289
0.155052900314
0.154312133789
0.228195905685
0.210736036301
0.193930864334
0.203359127045
0.215799093246
0.268757104874
