0.18878698349
0.122822999954
0.117604970932
0.180238962173
0.170801877975
0.117470979691
0.130722999573
0.119313001633
0.169950962067
0.110899925232
0.111482858658
0.115619182587
0.146973848343
0.127635955811
0.108741998672
0.130581140518
0.149276018143
0.157238960266
0.151051998138
0.189738988876
0.126304864883
0.109102010727
0.117980957031
0.119771003723
0.0761108398438
0.0859229564667
0.0900359153748
0.115708827972
0.117297887802
0.083722114563
0.166320085526
0.156079053879
0.164722919464
0.159142017365
0.201066017151
0.147864103317
0.137679815292
0.112385034561
0.127178192139
0.0996558666229
0.122199058533
0.0929598808289
0.144998073578
0.0998568534851
0.149082899094
0.12753200531
