0.158350944519
0.173664808273
0.282356977463
0.196853876114
0.149996042252
0.149005889893
0.148920059204
0.139997959137
0.193065881729
0.169342041016
0.221213817596
0.243905067444
0.212236881256
0.190583944321
0.160691022873
0.361759901047
0.33954000473
0.366389036179
0.251313924789
0.271275997162
0.250066995621
0.271728038788
0.191754817963
0.258945941925
0.296661138535
0.254312038422
0.244662046432
0.210206031799
0.249814033508
0.236624956131
0.262704849243
0.243191003799
0.214097976685
0.28938293457
0.247539997101
0.179474115372
0.189899206161
0.234421014786
0.186017990112
0.199537038803
0.182933092117
0.231099128723
0.150148868561
0.252895116806
0.1828520298
0.179538011551
0.14271402359
0.173251867294
0.190415859222
0.192887067795
0.160732984543
0.134857177734
0.238471984863
0.130304098129
0.156116008759
0.184369087219
0.25713300705
0.280915975571
0.166506052017
0.17196393013
0.168068885803
0.2066218853
0.191686868668
0.139631986618
0.214987039566
0.299541950226
0.289097070694
0.364753961563
0.237607002258
0.216876029968
0.161549806595
0.194056987762
0.163950920105
0.18873500824
0.25269985199
0.11767911911
0.154834032059
0.168218135834
0.168931007385
0.18315911293
0.135286092758
0.190389156342
0.201731920242
0.198370933533
0.177397966385
0.180137872696
0.210227966309
0.141229867935
0.166476964951
0.197689056396
0.264598846436
0.304867982864
0.246145963669
0.216059923172
0.224633932114
0.216958999634
0.158681869507
0.219542980194
0.334861040115
0.326215982437
0.377675056458
0.249406814575
0.248043060303
0.209825992584
0.246141195297
0.190191984177
0.254971027374
0.313014984131
0.24612903595
0.202754974365
0.183396100998
0.19843006134
0.1847178936
0.154096841812
0.239088058472
0.160687923431
0.143484115601
0.230226993561
0.144119024277
0.141555070877
0.134329795837
0.14214015007
0.142103910446
0.200650930405
0.170632839203
0.136882066727
0.138270139694
0.217380046844
0.172187805176
0.177728891373
0.138025999069
0.157801151276
0.36227107048
0.347378015518
0.356612205505
0.240985155106
0.269150018692
0.240406036377
0.262140035629
0.174111127853
0.266740083694
0.313555002213
0.248205900192
0.226922988892
0.215885877609
0.186106920242
0.233222961426
0.223890066147
0.278659820557
0.314548969269
0.313951015472
0.380928039551
0.23636507988
0.227637052536
0.185802936554
0.231327056885
0.201294898987
0.202105045319
0.276604175568
0.232156038284
0.230062007904
0.207284212112
0.238248109818
0.168964862823
0.254907846451
0.27060508728
0.196970939636
0.227520942688
0.198755979538
0.236603975296
0.232110977173
0.257311820984
0.275723934174
0.299062013626
0.24241399765
0.242980957031
0.233859777451
0.201211929321
0.23756814003
0.193789958954
0.242339134216
