17.7565290928
21.9484021664
44.0935239792
61.8227770329
77.0976068974
130.97972703
167.469679832
8.43146896362
23.0581309795
54.5139579773
64.9476349354
91.6813089848
122.32263279
160.193355083
166.437609911
186.175946951
3.21926593781
20.9290840626
38.8530049324
73.8809659481
80.2051348686
143.436692953
180.935967922
194.516362906
13.5699539185
25.1458759308
55.5592310429
74.9625148773
93.7503910065
142.399177074
172.641554832
190.348002911
1.13587093353
40.9796929359
55.6135089397
95.2167060375
133.119765997
152.827586889
177.846742153
184.105617046
20.6352419853
37.4940750599
57.3884551525
95.9562590122
128.483880043
147.429942846
164.173057079
198.628625154
19.7770080566
35.5563299656
46.1779429913
56.6911709309
82.3087520599
121.256792784
151.814095974
163.353564024
182.079998016
196.850071907
12.5704579353
28.2810130119
39.8710460663
67.004240036
79.1799819469
135.184827805
175.749258995
196.675483942
21.6949799061
38.5423448086
56.4090800285
94.9119009972
127.449795008
146.419088125
165.207379103
181.83753109
197.574653864
14.6332359314
30.3695530891
43.0770890713
65.9968538284
88.5891458988
118.144744873
157.05148983
169.554962873
191.419601202
9.44415092468
27.2264089584
53.4995949268
68.0620770454
90.6437048912
120.203402996
161.194346905
181.058555126
2.19662499428
47.1664118767
59.7283761501
102.425440073
128.92257905
154.95358181
168.487309933
195.502831221
7.42002511024
19.8394081593
37.8378818035
57.72585392
98.3625721931
127.687628031
170.574198008
192.449595928
6.34161090851
26.1595778465
36.7620298862
63.9029121399
78.1653130054
110.811659098
145.570766926
171.62280488
15.6928269863
34.510504961
45.0968620777
62.8856627941
87.5459768772
124.497255087
179.893477201
187.240256071
4.23926591873
24.0841698647
49.3320851326
60.7426691055
84.4056711197
112.951270103
147.657253981
165.444432974
185.173248053
10.4830789566
33.5177559853
52.4816939831
71.879529953
140.398661852
162.279665947
173.680597067
188.269905806
16.7182221413
36.6071779728
48.238615036
69.1308150291
89.5952029228
119.219645977
159.10722208
178.831064939
189.331323862
5.34889602661
32.4814758301
50.352575779
58.718408823
83.3477449417
126.530174971
158.054371119
174.752748966
180.000586033
11.5291538239
31.4245479107
42.0041069984
85.4492719173
109.768911123
134.144412994
148.715348959
176.843626022
193.480144978
18.7564070225
29.3009021282
51.4156320095
70.8565449715
92.7169151306
132.079479933
164.447551966
183.108462095
