2.15200614929
6.36183810234
9.53397202492
12.8260731697
17.111330986
18.2438240051
19.3069918156
23.5466711521
29.0169889927
32.1491410732
35.3757238388
37.687456131
41.9734258652
44.3942811489
49.59288311
52.736207962
55.9337151051
57.1403911114
61.3411898613
65.5526669025
66.6481809616
69.7430818081
69.8256690502
71.9954998493
79.3766791821
81.5591800213
84.6969928741
85.8857200146
91.0965850353
95.3871998787
99.6530201435
101.567023039
106.905195951
107.979099989
112.435706139
3.22995710373
5.38055086136
8.53067302704
11.7699768543
15.0256371498
17.2398250103
22.4253091812
25.6217358112
27.8185091019
31.0558810234
34.2462501526
36.4437890053
40.8608009815
45.342772007
47.4872789383
48.5572111607
51.6392948627
54.8316838741
56.062169075
60.290348053
64.4661488533
68.6865990162
68.7060680389
72.9329349995
75.09714818
77.2980101109
82.5947430134
83.6599519253
88.9483318329
91.1867849827
97.458231926
100.702864885
103.651057005
105.876730919
111.331647873
113.470467091
6.31605815887
9.45835208893
12.7090930939
15.9385528564
16.0444841385
21.3040421009
24.4742128849
27.7164020538
29.8556799889
33.0994420052
36.2446069717
39.5695819855
42.9061329365
46.2503619194
49.4372560978
52.5780520439
55.7945570946
60.1773099899
62.3428809643
66.5631999969
70.7476069927
74.0272710323
76.1996619701
79.5025911331
81.5922040939
87.8586709499
90.9714150429
95.2943770885
98.4734330177
105.750630856
108.963709116
114.473428965
5.29548716545
8.37958192825
11.6640329361
14.9094910622
18.1475470066
20.300909996
21.4086420536
24.5828261375
26.7750229836
30.002931118
33.1870801449
37.4642791748
38.7202489376
44.2715508938
46.4322230816
51.6851751804
54.8285050392
57.0188760757
59.1885349751
63.3723978996
63.442595005
64.5582158566
68.7940199375
78.3396389484
86.7885699272
87.9349339008
89.0530149937
92.224601984
93.2935211658
100.220613003
104.831266165
106.965389013
110.40012002
113.554378033
1.12895894051
4.38552999496
7.48988103867
10.7244210243
13.9768390656
16.1937150955
20.3618469238
22.5153839588
25.7550160885
27.9028038979
31.1508340836
34.3567941189
39.823472023
40.9547228813
45.4129858017
47.5448510647
50.6763029099
53.8146409988
55.0054368973
58.2321460247
61.392070055
67.639685154
67.7163908482
71.8915688992
74.0633869171
75.2191159725
79.5282530785
82.6670899391
86.9744741917
94.3427810669
96.4742839336
102.612824917
103.772526979
110.25176692
109.288636208
114.550677061
4.26925396919
7.3798019886
10.5792448521
13.8685112
19.2536180019
23.4635858536
26.6541280746
28.857211113
32.101457119
35.2590661049
38.5906190872
41.9448809624
43.1599180698
48.4801268578
50.6393818855
53.7160611153
58.1381220818
59.2406799793
62.4025480747
65.5761120319
66.6863331795
70.8745508194
74.1847469807
78.4125859737
80.5585210323
85.7045350075
89.9952340126
93.2346498966
93.2314691544
98.6072528362
104.701779842
107.934966803
109.049316883
111.378391981
112.514010191
