1.12895894051
4.38552999496
7.48988103867
10.7244210243
13.9768390656
16.1937150955
20.3618469238
22.5153839588
25.7550160885
27.9028038979
31.1508340836
34.3567941189
39.823472023
40.9547228813
45.4129858017
47.5448510647
50.6763029099
53.8146409988
55.0054368973
58.2321460247
61.392070055
67.639685154
67.7163908482
71.8915688992
74.0633869171
75.2191159725
79.5282530785
82.6670899391
86.9744741917
94.3427810669
96.4742839336
102.612824917
103.772526979
110.25176692
109.288636208
114.550677061
