0.502348899841
0.359149932861
0.54508805275
0.398238897324
0.390101909637
0.295850992203
0.362085103989
0.402561187744
0.309211015701
0.398777961731
0.277508020401
0.378013134003
0.328456163406
0.279742002487
0.15619802475
0.281061172485
0.43128991127
0.35303401947
0.513417959213
0.408452033997
0.345557928085
0.30774307251
0.301446199417
0.349592924118
0.314278841019
0.434323072433
0.280789852142
0.33963394165
0.121324062347
0.305451154709
0.328962087631
0.195711135864
0.343699932098
0.431798934937
0.543862104416
0.526666164398
0.509063959122
0.498542070389
0.550112962723
0.427326917648
0.400626182556
0.322820901871
0.414145946503
0.342164039612
0.390141010284
0.360948085785
0.227528810501
0.201643943787
0.162701129913
0.185460090637
0.353601932526
0.412074804306
0.366148233414
0.400433063507
0.344679117203
0.321254968643
0.387035131454
0.320456981659
0.409838914871
0.30962395668
0.377840995789
0.364425897598
0.334882974625
0.475706100464
0.290467977524
0.558169126511
0.40182185173
0.371292114258
0.317044019699
0.324159145355
0.312651872635
0.275397062302
0.363168001175
0.384664058685
0.264088869095
0.303198814392
0.271955966949
0.166564941406
0.350295066833
0.381108999252
0.373332023621
0.307543039322
0.302092075348
0.272479057312
0.242403030396
0.429485082626
0.306093215942
0.183509111404
0.214985847473
0.22292304039
0.21679186821
0.277554988861
0.496017932892
0.39080119133
0.441918849945
0.431439876556
0.364952087402
0.345268964767
0.416623830795
0.40895986557
0.364189147949
0.426161050797
0.290126085281
0.396430015564
0.336353063583
0.351708889008
0.347697019577
0.224824905396
0.361706972122
0.253274917603
0.226741075516
0.304583072662
0.240645885468
0.201597929001
0.278291940689
0.343186855316
0.253635168076
0.256945848465
0.238026857376
0.161375045776
0.2790620327
0.233413934708
0.12432384491
0.284451961517
0.254006147385
0.187206983566
0.229396104813
0.209647893906
0.245579957962
0.25560092926
0.236526966095
0.295060873032
0.311507940292
0.367402076721
0.357629060745
0.368391036987
0.251445055008
0.257652997971
0.251488924026
0.34553694725
0.418707132339
0.32735490799
0.427145957947
0.419001102448
0.426741123199
0.370317220688
0.354838132858
0.311721086502
0.375169992447
0.297216176987
0.359695196152
0.184761047363
0.329344987869
0.320755958557
0.183677911758
0.2948179245
0.271691083908
0.190124988556
0.246358156204
0.267461061478
0.24320602417
0.230911970139
0.18883895874
0.207545042038
0.214241027832
0.175248861313
0.163638114929
0.149806022644
0.219636917114
0.171188116074
0.132462978363
0.163569927216
0.475916147232
0.470621109009
0.504045963287
0.492738962173
0.474550962448
0.404712915421
0.535413980484
0.410187005997
0.460508108139
0.379408836365
0.342288970947
0.443539142609
0.195816993713
0.289541006088
0.298002004623
0.31628704071
0.400815010071
0.318926095963
0.261699914932
0.241484880447
0.301878213882
0.333816051483
0.241780042648
0.257453203201
0.223170042038
0.300663948059
0.246313095093
0.333369016647
0.17493391037
0.326027870178
0.554900884628
0.356376171112
0.551994085312
0.390805959702
0.460476160049
0.331354856491
0.417841911316
0.298342943192
0.372786998749
0.283063173294
0.383118867874
0.253017187119
0.336601018906
0.164498090744
0.292205095291
0.237258911133
0.160222053528
0.206437110901
0.226767063141
0.205564975739
0.137158870697
0.217162132263
0.144610881805
0.219779968262
0.163946866989
0.220788002014
0.151669979095
0.134186983109
0.199306964874
0.177961826324
0.173059940338
0.238840818405
0.236546039581
0.168336868286
0.255738973618
0.441020011902
0.395516872406
0.276278018951
0.224622011185
0.317956924438
0.325911998749
0.224247217178
0.158507108688
0.22425699234
0.289925098419
0.252048969269
0.159075021744
0.195255994797
0.329771995544
0.201882839203
0.217505931854
0.239995956421
0.241716146469
0.191121101379
0.230700969696
0.16552400589
0.221046924591
0.184624910355
0.227736949921
0.184238910675
0.439177036285
0.312362909317
0.217784881592
0.338062047958
0.381505966187
0.247479915619
0.457748889923
0.386494159698
0.33540892601
0.232575893402
0.214945077896
0.213414907455
0.347250938416
0.241689920425
0.317387104034
0.389434814453
0.272419929504
0.174950838089
0.305801868439
0.433492898941
0.344058990479
0.439193964005
0.42752790451
0.337448120117
0.335744857788
0.380970954895
0.289661884308
0.307104110718
0.367110013962
0.191726922989
0.317567110062
0.297504901886
0.184043884277
0.278180122375
0.548011064529
0.492146968842
0.418100118637
0.473672866821
0.417414903641
0.385050058365
0.521538972855
0.509305000305
0.333273887634
0.516360998154
0.398192882538
0.451687097549
0.342683076859
0.422423124313
0.305062055588
0.197980880737
0.302416086197
0.335357904434
0.315467119217
0.319907903671
0.421787977219
0.310553073883
0.286832094193
0.346387147903
0.255193948746
0.300295114517
0.280764102936
0.287924051285
0.225364923477
0.231585979462
0.171052932739
0.211891889572
