0.164892911911
0.214890956879
0.172534942627
0.185324907303
0.164770841599
0.198564052582
0.224922180176
0.234241008759
0.182746887207
0.21759390831
0.195589065552
0.140234947205
0.16919708252
0.182815074921
0.170212030411
0.108785152435
0.193153858185
0.176752090454
0.191436052322
0.226718902588
0.183184862137
0.165316104889
0.15487408638
0.170709133148
0.150737047195
0.176585912704
0.137877941132
0.183633804321
0.14000415802
0.186722040176
0.145478010178
0.171716928482
0.188048839569
0.197779178619
0.196686983109
0.150819063187
0.20626783371
0.217134952545
0.205930948257
0.205568790436
0.195797920227
0.170841932297
0.166669130325
0.198364019394
0.132566928864
0.151848077774
0.180644989014
0.166199922562
0.22018289566
0.216426849365
0.181690216064
0.230985164642
0.234287977219
0.178605079651
0.193128108978
0.152971029282
0.182942152023
0.181593894958
0.126832008362
0.162420034409
0.180996894836
0.155114173889
0.153926849365
0.175156116486
0.149258136749
0.147963047028
0.123952865601
0.143655061722
0.167104005814
0.107331991196
0.186385154724
0.184828996658
0.154812812805
0.113703966141
0.168025970459
0.11509680748
0.167849063873
0.18538403511
0.190979003906
