1.21823906898
1.1179330349
1.27120113373
1.16708087921
1.11126208305
1.1599509716
1.14647293091
1.21450591087
1.16078686714
1.15793013573
1.19799494743
1.19558095932
1.13911986351
1.12896513939
1.13007593155
1.17693114281
1.16802883148
1.21573400497
1.17021298409
1.21634602547
1.20502996445
1.20905995369
1.14786601067
1.14845895767
1.19896602631
1.24582886696
1.1826031208
1.17706608772
1.12332892418
1.18406105042
1.12784695625
1.12426781654
1.21367001534
1.21993708611
1.16410493851
1.12730002403
1.17131018639
1.11143994331
1.17986011505
1.17712593079
1.18782615662
1.17621922493
1.17968797684
1.17810702324
1.12233686447
1.19813299179
1.14423704147
1.19271087646
1.19361209869
1.15756106377
1.20698690414
1.1643140316
1.15496301651
1.20370316505
1.24631500244
1.1397600174
1.14535212517
1.15407395363
1.22001194954
1.17055082321
1.17570304871
1.17185997963
1.22059082985
1.22046589851
1.21211910248
1.20803499222
1.2132358551
1.20764088631
1.22163796425
1.21457004547
1.16563200951
1.20649600029
1.20394706726
