0.181890010834
0.262423038483
0.221590995789
0.234034061432
0.143616914749
0.183740139008
0.235763072968
0.167616844177
0.174529075623
0.189907073975
0.15936589241
0.165020942688
0.168365001678
0.184413909912
0.115312099457
0.131221055984
0.156767129898
0.209322929382
0.190290927887
0.230322122574
0.149538040161
0.175624132156
0.19544506073
0.139880180359
0.146306037903
0.179526090622
0.159209012985
0.171798944473
0.159116029739
0.188159942627
0.167649030685
0.121177911758
0.137272119522
0.16939496994
0.178474903107
0.165573120117
0.221573829651
0.161690950394
0.184250831604
0.220252037048
0.189893007278
0.212199211121
0.263535022736
0.199820041656
0.244098901749
0.209919929504
0.245639801025
0.158848047256
0.191423892975
0.178504943848
0.145893096924
0.249475002289
0.218089103699
0.227329015732
0.140663862228
0.152860879898
0.217972040176
0.184853076935
0.198127985001
0.191783189774
0.185034990311
0.189068078995
0.198839902878
0.194130897522
0.132697105408
0.11576795578
0.157088041306
0.201953172684
0.163115024567
0.209695100784
0.137762069702
0.200531959534
0.174036979675
0.184305906296
0.253963947296
0.223703145981
0.234785079956
0.134619951248
0.178845882416
0.166281938553
0.149204015732
0.223871946335
0.234411001205
0.24388885498
0.183023929596
0.166162014008
0.202271938324
0.147779941559
0.186253786087
0.193885087967
0.168445110321
0.177747964859
0.190690040588
0.192850828171
0.138758897781
0.111057043076
