0.454904079437
0.220206975937
0.130975008011
0.120193958282
0.12664103508
0.115662097931
0.143367052078
0.128699064255
0.105782032013
0.132472991943
0.118999958038
0.111621141434
0.129513978958
0.126402854919
0.131439208984
0.193356990814
0.203002214432
0.312787055969
0.248706102371
0.254221916199
0.299484968185
0.269222974777
0.317412853241
0.225371837616
0.2696788311
0.238397121429
0.184913873672
0.275057077408
0.150226831436
0.167407989502
0.149816989899
0.153349161148
0.238615989685
1.2540769577
0.214797019958
0.201641082764
0.229398012161
0.153440952301
0.24235200882
0.157658100128
0.207607984543
0.196380138397
0.166423082352
0.234376907349
0.111716985703
0.166239976883
0.185647010803
0.164201974869
0.256381988525
0.259083032608
0.298104047775
0.23952293396
0.22669005394
0.3025431633
0.194417953491
0.227797031403
0.233118057251
0.192240953445
0.223460912704
0.150988101959
0.169984102249
0.135712862015
0.130243062973
0.210602998734
0.316646814346
0.272294998169
0.233258008957
0.154671907425
0.148267030716
0.154403924942
0.134250879288
0.114846944809
0.195268154144
0.0813040733337
0.127963066101
0.119179964066
0.0878989696503
0.60159611702
0.44130897522
0.224450111389
0.169725894928
0.196280956268
0.112395048141
0.176503181458
0.148432970047
0.135152101517
0.175530910492
0.141584873199
0.164349079132
0.157183170319
0.108481884003
0.0931060314178
0.620667934418
0.0964710712433
0.252657175064
0.282155990601
0.261324167252
0.162950992584
0.178205966949
0.164921045303
0.163188934326
0.137548923492
0.132472038269
0.132812976837
0.122720003128
0.104765892029
0.115710020065
0.122320890427
0.174082040787
0.198827028275
0.222280979156
0.291612148285
0.266849994659
0.184420824051
0.204530954361
0.210926055908
0.13579916954
0.112621068954
0.0924160480499
0.201825857162
0.103907823563
0.100656032562
0.127441883087
0.0946900844574
0.102228164673
0.256325960159
0.142928123474
0.201128005981
0.181334018707
0.192083120346
0.155603170395
0.175910949707
0.217287063599
0.14720082283
0.122580051422
0.174098968506
0.129499912262
0.169141054153
0.118573904037
0.127624988556
0.199151992798
0.144810914993
0.136036157608
0.179743051529
1.19237995148
0.176495790482
0.16127705574
0.178392887115
0.22688794136
0.138227939606
0.202852964401
0.162745952606
0.184993982315
0.177822113037
0.235855102539
0.189437866211
0.177244901657
0.184772968292
0.126266956329
0.286125183105
0.21785402298
0.160655021667
0.143398046494
0.20864200592
0.164442062378
0.141324996948
0.140393018723
0.199046134949
0.0677111148834
0.108860015869
0.164086818695
0.105170965195
0.153026103973
0.640363931656
0.15444111824
0.367105007172
0.302036046982
0.360327959061
0.358952999115
0.281122922897
0.19211101532
0.170555114746
0.238749980927
0.220143079758
0.212216854095
0.212345123291
0.209309101105
0.158142805099
0.158817052841
0.160158157349
0.14812707901
0.197602033615
0.14254784584
0.18860411644
0.203680992126
0.209203958511
0.171182870865
0.132006883621
0.205957174301
0.15559220314
0.160332202911
0.106001138687
0.132145881653
0.20023393631
0.139281988144
0.0977020263672
0.154223918915
0.240389108658
0.224514007568
0.209151983261
0.136343002319
0.167692899704
0.158896923065
0.137256860733
0.151512145996
0.111127138138
0.247235059738
0.136220932007
0.159440994263
0.105787992477
0.118764877319
0.123782157898
0.108169078827
0.171794891357
0.332521915436
0.255245923996
0.264559030533
0.299397945404
0.215546131134
0.134365081787
0.227227926254
0.222731113434
0.233163118362
0.149630069733
0.204133987427
0.152637004852
0.14914894104
0.200559854507
0.159973859787
0.120380878448
0.246929883957
0.216944217682
0.173312902451
0.161654949188
0.196392774582
0.22044301033
0.167101144791
0.0951499938965
0.114516973495
0.198557853699
0.129083871841
0.0914790630341
0.0952730178833
0.103471040726
0.12411904335
0.13721203804
0.197949171066
0.221993923187
0.207113981247
0.172109127045
0.168237924576
0.185775995255
0.145650148392
0.128425121307
0.161474943161
0.137156009674
0.128145933151
0.179666996002
0.145490884781
0.156330108643
0.201611995697
0.0846238136292
0.110295057297
0.365705013275
0.299777984619
0.329632043839
0.313314199448
0.289930820465
0.213180065155
0.204947948456
0.191563129425
0.245954036713
0.19611120224
0.17842912674
0.174190998077
0.209175825119
0.144076824188
0.166124820709
0.166052818298
0.358686923981
0.319509983063
0.314442157745
0.285542011261
0.266931056976
0.167309999466
0.24910902977
0.206445932388
0.199450969696
0.151973009109
0.188556194305
0.166337013245
0.158681154251
0.167109966278
0.150683879852
0.101960897446
0.160645008087
0.347062110901
0.29460310936
0.343818902969
0.31406712532
0.254193067551
0.156141996384
0.244391918182
0.199985980988
0.224246025085
0.207542896271
0.199358940125
0.203621864319
0.192390203476
0.129391908646
0.154662132263
0.190472126007
0.28973698616
0.233891963959
0.22528886795
0.265781879425
0.174351930618
0.273622989655
0.169387102127
0.208545923233
0.228312015533
0.169648170471
0.248563051224
0.114070177078
0.159461021423
0.156636953354
0.179671049118
