0.16086602211
0.166692972183
0.0966711044312
0.110694885254
0.140970945358
0.118250131607
0.149632930756
0.0974328517914
0.124768018723
0.12257194519
0.0970768928528
0.102125883102
0.11528301239
0.0929548740387
0.0952229499817
0.176698923111
0.180194854736
0.110488176346
0.131217956543
0.129752874374
0.0935080051422
0.130018949509
0.12731719017
0.144807815552
0.0879008769989
0.0992288589478
0.0624740123749
0.143066167831
0.111696958542
0.179973125458
0.146046876907
0.159912109375
0.125169038773
0.110373020172
0.169153928757
0.153376817703
0.179971933365
0.152709007263
0.136776924133
0.150031089783
0.145086050034
0.15246295929
0.169466972351
0.119522809982
0.162395000458
0.181717157364
0.164050102234
0.179646015167
0.115670919418
0.143085002899
0.158024072647
0.139231920242
0.1808989048
0.147023916245
0.123680114746
0.153668165207
0.146385908127
0.149441957474
0.12701177597
0.0960881710052
0.102208137512
0.134794950485
