0.259305000305
0.236591100693
0.353713035583
0.336153030396
0.331277132034
0.325021028519
0.647994995117
0.289953947067
0.262023925781
0.197499990463
0.20444893837
0.277940988541
0.177275180817
0.270826101303
0.171985149384
0.216225862503
0.158118009567
0.306612968445
0.23435997963
0.196614980698
0.167984008789
0.131464958191
0.428525924683
0.212292909622
0.266465902328
0.277393102646
0.319181919098
0.33233499527
0.115788936615
0.201976060867
0.189063072205
0.32178401947
0.156778097153
0.265506029129
0.351232767105
0.382102966309
0.248573064804
0.238119125366
0.568656921387
0.270453929901
0.341056108475
0.262152910233
0.152666091919
0.168776988983
0.106006860733
0.18866109848
0.374767065048
0.246756076813
0.163372993469
0.144680976868
0.118832826614
0.107185125351
0.225434780121
0.20930814743
0.127882003784
0.172631978989
0.152713060379
0.15722990036
0.110231161118
0.122380971909
0.180593013763
0.143893003464
0.193977117538
0.371542930603
0.368217945099
0.327991962433
0.226189136505
0.702486991882
0.347595930099
0.223369836807
0.334789037704
0.425812959671
0.221918106079
0.335133075714
0.333156108856
0.384650945663
0.103845119476
0.142436027527
0.295982837677
0.369652986526
0.290105104446
0.206139087677
0.584176063538
0.164795875549
0.261609792709
0.313838005066
0.183840036392
0.164817810059
0.157294034958
0.155559062958
0.209898948669
0.296849012375
0.238063097
0.407315969467
0.241972923279
0.405413150787
0.281313180923
0.275059938431
0.717609882355
0.281938076019
0.139701128006
0.149766921997
0.300108909607
0.249634027481
0.0971269607544
0.327243089676
0.289051055908
0.328857183456
0.237533092499
0.357345104218
0.212287187576
0.147552967072
0.355449914932
0.390372991562
0.532793045044
0.132849931717
0.123683929443
0.20049405098
0.301044940948
0.339753866196
0.290182113647
0.224801063538
0.0974540710449
0.250394105911
0.237564086914
0.208082199097
0.313160896301
0.524704933167
0.211061954498
0.16219997406
0.399149894714
0.164574861526
0.328152894974
0.347516059875
0.240711927414
0.174575805664
0.216680049896
0.241902112961
0.13907790184
0.194823026657
0.204928874969
0.157456159592
0.285153150558
0.0855600833893
0.284787893295
0.295094013214
0.214517831802
0.411665916443
0.195221185684
0.372237920761
0.347536087036
0.356502056122
0.205131053925
0.166652917862
0.205127000809
0.130307912827
0.402218103409
0.315790891647
0.12083697319
0.245148897171
0.121949911118
0.162804841995
0.122729063034
0.153622865677
0.458493947983
0.116029024124
0.148736953735
0.272068023682
0.272867918015
0.195624828339
0.156782150269
0.287922143936
0.118093013763
0.191627979279
0.117973089218
0.216986894608
0.116952896118
0.221863985062
0.351529836655
0.577960968018
0.274127960205
0.297957181931
0.121659994125
0.320336103439
0.268128156662
0.214677810669
0.26877784729
0.409494876862
0.106810092926
0.263764858246
0.331187009811
0.320762872696
0.497416973114
0.367105007172
0.364533901215
0.59465098381
0.240525007248
0.313287973404
0.19379901886
0.160744905472
0.183239936829
0.167726993561
0.382626056671
0.438344955444
0.164400100708
0.176717042923
0.27579498291
0.243350982666
0.15009188652
0.176039934158
0.490399122238
0.339025974274
0.414365053177
0.286554098129
0.284982919693
0.416681051254
0.16868519783
0.234181165695
0.28558588028
0.208913803101
0.349588871002
0.0889730453491
0.103584051132
0.287828922272
0.293013095856
0.202142953873
0.234402894974
0.529793977737
0.313930988312
0.386934041977
0.362875938416
0.288966178894
0.202336072922
0.287487983704
0.274652004242
0.228664159775
0.32227897644
0.357076883316
0.327010154724
0.386234045029
0.287904024124
0.367781877518
0.310342073441
0.364675998688
0.130192995071
0.156991004944
0.172697067261
0.215600967407
0.357472896576
0.35685801506
0.29855799675
0.241994142532
0.197619915009
0.319718122482
0.1868891716
