0.187608957291
0.186246156693
0.29407286644
0.220340013504
0.298329114914
0.10141992569
0.11950802803
0.147104978561
0.09996509552
0.135616064072
0.151156902313
0.113224983215
0.121254920959
0.112154006958
0.131911039352
0.0992770195007
0.142409086227
0.153141975403
0.157317876816
0.170964956284
0.18899512291
0.26612496376
0.173480987549
0.133002996445
0.178225040436
0.118214845657
0.100327014923
0.109824895859
0.117757081985
0.11990904808
0.114561080933
0.144935846329
0.0974521636963
0.126300811768
0.283006191254
0.190387010574
0.31751203537
0.208743095398
0.311069965363
0.143345832825
0.12748003006
0.142379999161
0.0980269908905
0.135069131851
0.14867401123
0.134637832642
0.157520055771
0.131324052811
0.184117078781
0.10715508461
0.341116189957
0.30854678154
0.333020925522
0.212265014648
0.254123926163
0.185365915298
0.172919988632
0.190612077713
0.191040039062
0.182103872299
0.14221906662
0.149073839188
0.205487012863
0.140607118607
0.118260860443
0.190679073334
0.382597923279
0.310190916061
0.323346138
0.188747882843
0.272383213043
0.2354388237
0.213287115097
0.201146125793
0.17876791954
0.153613090515
0.139189004898
0.13827586174
0.135360956192
0.122134923935
0.15572810173
0.11658000946
0.151051998138
0.398005008698
0.339626073837
0.347233057022
0.210345029831
0.246098995209
0.217129945755
0.191702127457
0.210229158401
0.187459945679
0.128791093826
0.118436098099
0.184870958328
0.134472131729
0.125523090363
0.0999040603638
0.214280128479
0.250581026077
0.232338905334
0.156000137329
0.180631160736
0.0967562198639
0.14848613739
0.174488067627
0.126818180084
0.129066944122
0.131325006485
0.162314891815
0.161010980606
0.161092996597
0.16611289978
0.1655189991
0.198762893677
0.299649000168
0.233637094498
0.325725078583
0.310663938522
0.120527029037
0.225903987885
0.184675931931
0.156823158264
0.149093151093
0.169178009033
0.142986059189
0.187742948532
0.145901918411
0.129354000092
0.215712070465
0.361974000931
0.25840306282
0.307057142258
0.193497896194
0.266675949097
0.203233003616
0.127454996109
0.0917210578918
0.100553035736
0.183845996857
0.164098024368
0.108809947968
0.135082960129
0.0871820449829
0.174425125122
0.14452791214
0.503007888794
0.227504968643
0.26052904129
0.160766839981
0.193345785141
0.172050952911
0.155622005463
0.115821123123
0.152611017227
0.116070985794
0.17538189888
0.082759141922
0.0781190395355
0.175266027451
0.135807991028
0.203509092331
0.457767963409
0.235337972641
0.216627120972
0.148692131042
0.197482824326
0.159017801285
0.145592927933
0.179733991623
0.159437894821
0.169620037079
0.156597137451
0.154436826706
0.159270048141
0.137331008911
0.156649827957
0.110694885254
0.165062904358
